-0.45968673
0.15322891
0.45968673
0.7661445
0.61291564
0.7661445
-0.15322891
-0.30645782
-1.0726024
-0.61291564
-1.3790601
-1.3790601
-1.685518
-1.9919758
-1.9919758
-2.1452048
-1.3790601
-2.1452048
-2.4516625
-3.371036
-4.2904096
-8.887277
-3.217807
-3.6774938
-3.6774938
-2.9113493
-3.217807
-1.532289
-0.61291564
-0.7661445
-0.15322891
-0.15322891
2.9113493
5.056554
4.2904096
3.6774938
3.9839516
5.66947
7.201759
5.363012
3.8307228
1.9919758
4.903325
2.6048915
1.9919758
9.653421
-1.8387469
7.967903
2.1452048
3.5242648
3.6774938
3.5242648
3.217807
1.685518
3.064578
4.2904096
7.201759
5.209783
2.2984335
1.685518
1.9919758
2.4516625
1.3790601
0.91937345
6.742072
5.5162406
6.895301
7.8146744
-1.0726024
10.572795
-2.4516625
7.6614456
2.6048915
3.6774938
2.7581203
3.064578
2.9113493
2.1452048
4.1371803
4.596867
9.500193
7.3549876
0.15322891
1.0726024
1.0726024
2.7581203
1.685518
2.1452048
5.056554
4.4436383
7.3549876
6.129156
1.532289
6.129156
-0.61291564
7.8146744
7.8146744
2.6048915
3.217807
1.532289
1.8387469
3.064578
3.217807
4.596867
8.121132
2.6048915
0.45968673
1.2258313
2.4516625
3.5242648
2.7581203
2.6048915
2.7581203
3.5242648
5.5162406
8.42759
3.8307228
1.685518
3.9839516
0.30645782
4.2904096
2.6048915
2.6048915
3.5242648
7.0485296
5.5162406
-0.7661445
2.7581203
3.217807
3.371036
2.2984335
1.9919758
1.9919758
4.7500963
6.895301
6.895301
1.532289
1.685518
2.9113493
6.588843
2.1452048
1.9919758
2.7581203
4.2904096
6.742072
4.4436383
0.7661445
2.4516625
1.9919758
1.532289
1.3790601
0.91937345
4.1371803
4.4436383
4.7500963
6.742072
1.3790601
3.064578
0.61291564
7.967903
-0.30645782
0.7661445
3.064578
2.2984335
1.2258313
1.9919758
2.7581203
3.6774938
2.4516625
1.685518
0.91937345
2.1452048
5.5162406
5.209783
7.967903
4.7500963
0.7661445
5.5162406
-1.8387469
5.9759274
2.4516625
3.064578
2.4516625
2.2984335
1.9919758
2.4516625
1.9919758
3.9839516
4.903325
6.2823853
3.064578
-0.61291564
1.685518
3.217807
1.2258313
0.91937345
3.217807
2.6048915
2.2984335
3.6774938
1.685518
2.2984335
2.2984335
1.532289
1.8387469
2.6048915
2.1452048
3.064578
5.363012
5.209783
2.1452048
-0.30645782
0.91937345
2.4516625
1.532289
1.532289
3.064578
4.4436383
3.8307228
5.209783
5.056554
1.8387469
3.6774938
2.1452048
2.2984335
2.4516625
2.2984335
1.8387469
5.056554
5.5162406
0.7661445
0.91937345
1.3790601
1.8387469
1.8387469
2.1452048
3.064578
3.6774938
3.5242648
3.6774938
4.4436383
4.7500963
3.8307228
3.9839516
1.532289
0.15322891
5.363012
2.1452048
2.4516625
2.1452048
1.9919758
1.685518
2.4516625
1.8387469
2.1452048
1.9919758
1.8387469
1.685518
1.8387469
2.1452048
1.2258313
1.9919758
1.685518
1.685518
1.9919758
1.532289
2.7581203
1.3790601
1.532289
1.9919758
-0.30645782
1.9919758
1.532289
0.7661445
0.7661445
1.8387469
0.91937345
1.685518
2.2984335
1.3790601
0.15322891
7.0485296
3.5242648
7.0485296
4.596867
1.8387469
2.6048915
1.0726024
2.2984335
-0.15322891
-2.2984335
-1.2258313
-2.1452048
-1.532289
-1.8387469
-2.2984335
-1.685518
-0.7661445
0.61291564
0.7661445
0.61291564
0.45968673
0.15322891
0.45968673
0.30645782
0.30645782
0.30645782
0.30645782
0.61291564
0.45968673
-1.0726024
-0.30645782
-0.30645782
-0.15322891
-0.45968673
-0.15322891
0.61291564
0.15322891
0.15322891
-1.3790601
0.15322891
-0.61291564
0.15322891
-0.15322891
0.15322891
0.15322891
0.15322891
0.7661445
-0.30645782
0.61291564
0.15322891
0.45968673
0.45968673
