7.967903
7.201759
7.8146744
7.8146744
9.500193
7.3549876
8.274361
7.6614456
8.42759
7.5082164
8.121132
7.967903
8.274361
8.121132
7.6614456
5.9759274
7.201759
9.80665
8.734048
8.274361
7.3549876
8.274361
6.129156
4.1371803
2.7581203
1.8387469
0.30645782
0.15322891
1.2258313
0.45968673
0.61291564
1.2258313
1.3790601
0.91937345
1.532289
1.3790601
1.8387469
0.45968673
-0.30645782
-0.30645782
0.7661445
1.0726024
0.7661445
0.45968673
-2.9113493
-2.7581203
2.2984335
4.596867
-0.30645782
2.1452048
1.3790601
1.9919758
0.7661445
1.685518
1.0726024
1.3790601
0.15322891
-0.61291564
1.9919758
1.3790601
0.61291564
0.91937345
0.61291564
0.15322891
-3.6774938
-3.8307228
-5.056554
-4.7500963
-4.7500963
-5.9759274
5.056554
0.61291564
-1.0726024
1.685518
1.0726024
1.0726024
1.532289
1.8387469
1.8387469
1.3790601
-0.61291564
-0.30645782
2.6048915
0.30645782
1.2258313
0.7661445
0.91937345
0.30645782
-2.9113493
-1.9919758
-4.2904096
-3.8307228
-1.3790601
-2.2984335
2.2984335
1.8387469
-1.2258313
1.2258313
1.685518
1.2258313
0.7661445
0.91937345
1.532289
0.45968673
0.30645782
1.8387469
1.8387469
1.532289
1.2258313
1.532289
1.685518
-0.30645782
-1.9919758
-1.9919758
-2.1452048
-2.6048915
-2.2984335
-2.2984335
-3.5242648
6.895301
0.15322891
0.7661445
1.532289
0.7661445
0.30645782
0.15322891
1.9919758
2.6048915
1.532289
1.685518
1.685518
-0.15322891
-2.6048915
-3.371036
-3.064578
-3.5242648
-1.2258313
-4.2904096
-0.91937345
-0.7661445
0.45968673
1.8387469
1.2258313
1.2258313
0.30645782
0.61291564
1.8387469
1.685518
1.8387469
0.91937345
0.61291564
-0.91937345
-3.064578
-3.064578
-4.2904096
-4.903325
-2.7581203
-2.9113493
4.903325
0.30645782
0.91937345
0.7661445
1.3790601
1.3790601
1.532289
1.2258313
1.3790601
1.532289
0.61291564
-1.3790601
-0.61291564
-0.7661445
-2.2984335
-3.371036
-6.588843
-3.9839516
-0.7661445
-2.9113493
5.8226986
1.0726024
1.0726024
0.91937345
1.0726024
1.532289
1.2258313
1.685518
1.0726024
1.8387469
0.61291564
0.61291564
-0.91937345
0.30645782
0.30645782
0.15322891
-0.91937345
-0.7661445
-1.532289
3.371036
3.217807
0.45968673
0.45968673
1.3790601
1.3790601
1.3790601
1.0726024
1.3790601
1.0726024
1.3790601
0.7661445
-1.2258313
0.15322891
0.91937345
0.30645782
0.7661445
-0.45968673
-0.45968673
-1.532289
-1.9919758
-2.6048915
-4.596867
-3.8307228
-1.2258313
-1.8387469
3.217807
1.0726024
1.0726024
1.532289
0.7661445
1.2258313
-0.61291564
1.0726024
1.9919758
1.2258313
0.45968673
0.45968673
-0.30645782
-1.2258313
-1.9919758
-2.1452048
-2.2984335
-2.2984335
-2.6048915
-2.4516625
-3.5242648
-3.5242648
2.2984335
1.2258313
0.61291564
0.7661445
0.15322891
0.7661445
1.0726024
0.7661445
1.3790601
1.2258313
1.685518
1.2258313
1.8387469
1.8387469
1.8387469
1.2258313
1.2258313
1.0726024
0.61291564
1.0726024
1.2258313
0.7661445
0.45968673
0.15322891
0.61291564
0.61291564
0.30645782
-0.15322891
-0.15322891
-0.30645782
-0.45968673
-0.15322891
-0.15322891
1.0726024
1.9919758
1.0726024
1.0726024
5.5162406
5.5162406
8.121132
7.3549876
4.4436383
6.2823853
3.371036
8.274361
7.5082164
8.42759
7.8146744
8.274361
8.274361
9.346964
8.580819
9.346964
8.580819
8.42759
9.040505
8.887277
8.734048
8.734048
8.734048
8.887277
9.346964
9.040505
9.193734
8.734048
9.040505
9.193734
8.580819
8.580819
8.887277
8.42759
9.653421
8.42759
8.734048
8.734048
7.8146744
9.346964
7.6614456
9.193734
8.121132
8.734048
8.887277
8.734048
8.42759
8.274361
8.274361
8.121132
9.500193
