-19.14917
-24.949951
-25.93872
-26.938477
-27.949219
-23.966675
-31.036377
-26.938477
-16.331177
-14.474487
-12.628784
-4.4769287
-6.2731934
-18.204346
-15.397339
-28.965454
-28.965454
-51.37207
-69.63135
-41.00647
-27.949219
-89.54956
-89.54956
-31.036377
-89.54956
-67.197876
-89.54956
-89.54956
-89.54956
-62.946167
-72.38342
-89.54956
-89.54956
-90.45044
-90.45044
-89.54956
-89.54956
-90.45044
-51.37207
-62.946167
-110.36865
-57.5354
-79.854126
-89.54956
-90.45044
-104.364624
-89.54956
-89.54956
-89.54956
-62.946167
-43.428955
-41.00647
-142.45972
-135.32959
-134.05518
-90.45044
-115.01587
-134.05518
-89.54956
-142.45972
-124.10156
-61.04004
-67.197876
-64.98413
-75.635376
-89.54956
-89.54956
-90.45044
-89.54956
-89.54956
-90.45044
-64.98413
-59.23828
-41.00647
-128.62793
-132.7533
-125.667114
-118.95996
-122.4646
-90.45044
-90.45044
-43.428955
-59.23828
-115.01587
-79.854126
-72.38342
-62.946167
-64.98413
-89.54956
-67.197876
-79.854126
-89.54956
-67.197876
-69.63135
-52.82776
-52.82776
-120.76172
-120.76172
-128.62793
-130.04517
-131.41296
-131.41296
-127.17224
-90.45044
-36.419678
-69.63135
-89.54956
-89.54956
-89.54956
-79.854126
-89.54956
-79.854126
-89.54956
-49.954834
-130.04517
-124.10156
-124.10156
-125.667114
-128.62793
-131.41296
-90.45044
-90.45044
-62.946167
-89.54956
-89.54956
-89.54956
-90.45044
-89.54956
-89.54956
-136.57104
-127.17224
-130.04517
-112.802124
-107.61658
-90.45044
-90.45044
-51.37207
-55.898438
-69.63135
-64.98413
-67.197876
-79.854126
-79.854126
-75.635376
-131.41296
-141.32263
-138.99353
-128.62793
-110.36865
-138.99353
-132.7533
-69.63135
-57.5354
-62.946167
-64.98413
-67.197876
-64.98413
-69.63135
-67.197876
-89.54956
-89.54956
-90.45044
-90.45044
-89.54956
-89.54956
-89.54956
-132.7533
-72.38342
-67.197876
-64.98413
-75.635376
-72.38342
-89.54956
-89.54956
-89.54956
-89.54956
-90.45044
-89.54956
-75.635376
-90.45044
-112.802124
-122.4646
-131.41296
-134.05518
-128.62793
-122.4646
-118.95996
-117.05383
-90.45044
-90.45044
-69.63135
-67.197876
-89.54956
-79.854126
-89.54956
-90.45044
-89.54956
-79.854126
-69.63135
-120.76172
-122.4646
-124.10156
-124.10156
-122.4646
-128.62793
-118.95996
-90.45044
-90.45044
-69.63135
-79.854126
-72.38342
-67.197876
-72.38342
-69.63135
-79.854126
-72.38342
-69.63135
-62.946167
-75.635376
-89.54956
-72.38342
-69.63135
-67.197876
-89.54956
-89.54956
-89.54956
-89.54956
-75.635376
-75.635376
-89.54956
-89.54956
-90.45044
-140.16907
-89.54956
-90.45044
-107.61658
-89.54956
-90.45044
-89.54956
-89.54956
-67.197876
-57.5354
-44.67041
-36.419678
-35.31555
-44.67041
-23.966675
-7.1740723
-17.265015
-28.965454
-22.016602
-20.099487
-19.14917
-20.099487
-19.14917
-23.966675
-18.204346
-21.055298
-14.474487
-15.397339
-14.474487
-15.397339
-16.331177
-16.331177
-16.331177
-15.397339
-15.397339
-15.397339
-19.14917
-16.331177
-16.331177
-16.331177
-16.331177
-18.204346
-17.265015
-21.055298
-19.14917
-22.016602
-15.397339
-20.099487
-20.099487
-21.055298
-22.988892
-20.099487
-23.966675
-26.938477
-25.93872
-28.965454
-28.965454
-28.965454
-28.965454
