0.047884032
-0.095768064
1.4269443
0.5650316
0.1436521
0.047884032
-0.45968673
-0.46926352
-0.8619126
-0.39264908
-0.90979666
-1.2258313
-1.541866
-1.7429788
-1.9249382
-2.087744
-2.231396
-2.4037786
-2.5378537
-2.3750482
-2.030283
-1.8004397
-1.7238252
-1.6759412
-1.6280571
-1.685518
-1.6280571
-1.6089035
-1.532289
-1.5227122
-1.4652514
-1.3790601
-1.3982137
-1.484405
-1.3790601
-1.4460979
-1.3503298
-1.043872
-0.5554548
-0.076614454
0.2681506
0.39264908
0.35434186
0.39264908
0.63206923
0.7757214
0.8619126
0.9864111
1.2354081
1.5801731
1.6663644
1.9057846
2.1930888
2.1930888
2.078167
1.8579005
1.7238252
1.3311762
1.1300632
0.8810662
0.4309563
-0.17238252
-0.47884035
-0.47884035
-0.46926352
-0.6703765
-0.81402856
-0.7757214
-0.48841715
-0.22984336
-0.19153613
-0.7182605
-1.0342951
-1.1779473
-1.3503298
-1.541866
-1.8004397
-2.0207062
-2.1260512
-2.2122424
-2.231396
-2.0111294
-1.8579005
-1.5705963
-1.1875241
-0.90021986
-0.6991069
-0.5746084
-0.59376204
-0.6607997
-0.79487497
-1.0247183
-1.3120226
-1.5801731
-1.8387469
-1.9728222
-1.7812861
-1.5610195
-1.3311762
-1.2449849
-1.2258313
-1.4173675
-1.3599066
-0.9959879
-0.641646
-0.32561144
-0.019153614
0.6895301
1.6759412
2.681506
3.1603463
2.9879637
2.3463178
1.1779473
-0.038307227
-1.0630256
-1.5897499
-1.7812861
-1.7621324
-1.5035586
-1.1109096
-0.48841715
0.19153613
0.62249243
0.6799533
0.5363012
0.25857377
0.22984336
0.31603462
0.4405331
0.5650316
0.8714894
1.3024458
1.6280571
1.7525556
1.6184803
1.1587936
0.7374141
0.5746084
0.48841715
0.2777274
0.038307227
-0.22026655
-0.47884035
-0.7182605
-0.641646
-0.5267244
-0.41180268
-0.4309563
-0.5746084
-0.7182605
-0.8810662
-1.0630256
-1.2641385
-1.3790601
-1.532289
-1.6280571
-1.6567876
-1.5993267
-1.4939818
-1.3694834
-1.1013328
-0.80445176
-0.58418524
-0.46926352
-0.47884035
-0.59376204
0.47884035
1.0342951
1.5131354
1.2737153
0.22984336
1.2641385
1.9440918
2.231396
1.8004397
0.9959879
0.2681506
-0.47884035
-0.91937345
-1.1109096
-0.9576807
-0.6512229
-0.46926352
-0.21068975
-0.095768064
0.02873042
0.038307227
0.009576807
0.009576807
-0.038307227
-0.038307227
-0.17238252
-0.1436521
0.009576807
0.22026655
0.49799395
0.5650316
0.12449849
-0.5650316
-0.2873042
-0.11492168
-0.10534488
-0.37349546
-0.6512229
-0.842759
-0.9672575
-0.90021986
-0.7374141
-0.61291564
-0.6799533
-0.90021986
-1.1779473
-1.340753
-1.4556746
-1.5993267
-1.7908629
-1.8004397
-1.7429788
-1.6759412
-1.6089035
-1.3503298
-1.0534488
-0.6799533
-0.50757074
-0.62249243
-0.80445176
-0.81402856
-0.58418524
-0.17238252
-0.10534488
-0.11492168
0.05746084
0.40222588
1.0630256
1.388637
1.2162545
0.9576807
0.50757074
0.08619126
-0.2681506
-0.45010993
-0.47884035
-0.31603462
-0.18195933
-0.08619126
0.05746084
0.17238252
0.2681506
0.30645782
0.35434186
0.36391866
0.36391866
0.23942018
0.095768064
-0.019153614
-0.009576807
-0.34476504
-1.0151415
-1.5705963
-1.6376339
-1.3503298
-1.2449849
-1.388637
-1.6089035
-1.733402
-1.9057846
-1.8195933
-1.6472107
-1.5610195
-1.3790601
-1.2354081
-1.2449849
-1.292869
-1.2449849
-1.1204864
-0.89064306
-1.0726024
-1.0630256
-1.1109096
-0.92895025
-0.9576807
-0.91937345
-0.8714894
-0.92895025
-0.9672575
-1.3311762
-1.5035586
-1.6089035
-1.3982137
-1.1779473
-1.6376339
-1.6089035
-1.1300632
-0.8331822
-0.545878
-0.22026655
0.15322891
0.4405331
0.4309563
0.16280572
-0.23942018
-0.5554548
-0.6895301
-0.641646
-0.58418524
-0.47884035
-0.33518824
-0.24899697
-0.15322891
-0.12449849
-0.047884032
0.11492168
0.21068975
0.35434186
0.4213795
0.40222588
0.34476504
0.36391866
0.63206923
1.0534488
1.091756
0.9768343
0.7757214
0.5746084
0.31603462
0.17238252
0.22984336
0.34476504
0.50757074
0.63206923
0.641646
0.6607997
0.62249243
0.5554548
0.4405331
0.34476504
0.35434186
0.32561144
0.22026655
0.21068975
0.2777274
0.2681506
0.21068975
0.038307227
-0.22026655
-0.38307226
-0.7086837
-0.94810385
-1.2737153
-1.3694834
-1.3215994
-1.2545617
-1.1971009
-1.1587936
-1.1300632
-1.0534488
-1.1300632
-1.1971009
-1.3024458
-1.2737153
-1.1492168
-0.9768343
-0.7565677
-0.5650316
-0.4213795
-0.30645782
-0.22026655
-0.21068975
-0.2681506
-0.2681506
-0.1436521
-0.095768064
-0.10534488
-0.22026655
-0.32561144
-0.46926352
-0.641646
-0.7086837
-0.6991069
-0.79487497
-0.842759
-0.90979666
-0.9959879
-1.0726024
-1.1779473
-1.2545617
-1.4077905
-1.436521
-1.4173675
-1.3599066
-1.2737153
-1.13964
-1.043872
-1.0055647
-0.9672575
-0.7374141
-0.51714754
-0.22984336
-0.076614454
0.08619126
0.36391866
0.5746084
0.6512229
0.4405331
0.08619126
-0.02873042
0.20111294
0.59376204
1.0821792
1.4652514
1.6184803
1.4269443
1.0247183
0.60333884
0.25857377
0.047884032
0.047884032
-0.038307227
-0.009576807
-0.05746084
-0.19153613
-0.36391866
-0.5267244
-0.6991069
-0.7182605
-0.6703765
-0.60333884
-0.45968673
-0.41180268
-0.25857377
-0.12449849
-0.16280572
-0.46926352
-0.6703765
-0.7278373
-0.78529817
-0.7182605
-0.641646
-0.63206923
-0.7086837
-0.8523358
-0.9576807
-0.9672575
-0.91937345
-0.8714894
-0.842759
-0.7757214
-0.80445176
-0.842759
-0.8619126
-0.8619126
-0.90021986
-0.8810662
-0.6607997
-0.5267244
-0.47884035
-0.37349546
-0.34476504
-0.47884035
-0.24899697
-0.009576807
-0.047884032
-0.17238252
-0.6895301
-0.5650316
-0.50757074
-0.10534488
0.009576807
-0.11492168
-0.23942018
-0.38307226
-0.48841715
-0.5746084
-0.6607997
-0.6607997
-0.58418524
-0.5650316
-0.4309563
-0.2681506
-0.17238252
-0.08619126
0.047884032
0.05746084
0.19153613
0.2777274
0.23942018
0.19153613
0.40222588
0.45968673
0.36391866
0.02873042
-0.32561144
-0.4405331
-0.4405331
-0.17238252
0.02873042
0.038307227
-0.019153614
-0.23942018
-0.545878
-0.7278373
-0.6799533
-0.39264908
-0.22026655
-0.1436521
-0.08619126
-0.08619126
-0.06703765
0.25857377
0.4405331
0.5267244
0.5267244
0.5554548
0.6607997
0.82360536
1.0055647
0.94810385
0.6512229
0.35434186
0.24899697
0.4309563
0.7182605
1.091756
1.3790601
1.3024458
1.0247183
0.7278373
0.5267244
0.5363012
0.5650316
0.6895301
0.7757214
0.7757214
0.7565677
0.82360536
0.7469909
0.6703765
0.6703765
0.6512229
0.58418524
0.5363012
0.48841715
0.7086837
0.93852705
1.0726024
0.7661445
0.2777274
-0.18195933
-0.5650316
-0.545878
-0.20111294
0.038307227
0.35434186
0.35434186
0.18195933
0.047884032
0.02873042
0.06703765
0.15322891
0.31603462
0.40222588
0.48841715
0.545878
0.60333884
0.5650316
0.51714754
0.51714754
0.61291564
0.6895301
0.6703765
0.6512229
0.7278373
0.8714894
0.9959879
0.842759
0.7661445
0.82360536
1.1300632
1.6472107
2.1739352
2.5761611
2.5570073
2.2409728
2.0015526
1.7621324
1.733402
1.7908629
1.7238252
1.7046716
1.6376339
1.5993267
1.5801731
1.5705963
1.5610195
1.484405
1.3599066
1.2162545
1.091756
1.0055647
1.1204864
1.2641385
2.231396
1.5514427
1.733402
1.6376339
1.3982137
1.3503298
0.94810385
0.36391866
-0.038307227
-0.12449849
-0.1436521
0.18195933
0.41180268
0.5554548
0.545878
0.58418524
0.48841715
0.5363012
0.5363012
0.60333884
0.89064306
1.0055647
1.1300632
1.1971009
1.3024458
1.4077905
1.436521
1.4939818
1.5610195
1.5705963
1.5801731
1.5993267
1.733402
1.5801731
1.3215994
0.9864111
0.80445176
0.89064306
1.283292
1.6759412
1.8195933
1.7717092
1.6376339
1.5610195
1.685518
1.7812861
1.7525556
1.6759412
1.6663644
1.6663644
1.532289
1.5131354
1.484405
1.3790601
1.091756
0.82360536
0.48841715
0.45968673
0.5267244
0.4405331
0.48841715
0.51714754
0.49799395
0.5363012
0.6895301
0.9959879
1.3215994
1.6376339
1.6950948
1.7908629
1.7238252
1.5227122
1.1587936
0.842759
0.61291564
0.6991069
1.1300632
1.7525556
2.4420857
3.0358477
3.4763808
3.667917
3.620033
3.4859576
3.4284968
3.4093432
3.2752678
3.0454245
2.5570073
1.9632454
2.0590134
2.2984335
2.72939
3.169923
3.4093432
3.5817258
3.5625722
3.2752678
2.719813
2.1452048
1.7429788
1.685518
1.8291701
2.0590134
2.2888567
2.5378537
2.767697
2.9783869
2.930503
2.882619
2.873042
2.8538885
2.8060043
2.873042
2.9592333
3.0358477
3.1603463
3.2465374
3.2561142
3.3039982
3.4380736
3.4955344
3.5529952
3.5338416
3.323152
3.265691
3.3039982
3.4380736
3.5817258
3.8019924
3.916914
3.8019924
3.6296098
3.4380736
3.217807
3.016694
2.8634653
2.7485435
2.6910827
2.825158
3.016694
3.0550013
2.815581
2.585738
2.480393
2.7006595
2.9879637
3.1794999
3.1507695
3.1028855
3.016694
2.834735
2.72939
2.6431987
2.3558946
2.135628
1.8004397
1.4173675
1.2162545
0.90021986
0.48841715
0.2777274
0.009576807
-0.2873042
-0.2873042
-0.7278373
-0.641646
-0.58418524
0.076614454
-0.29688102
-0.41180268
-0.6703765
-0.79487497
-1.0055647
-1.1683705
-1.3024458
-1.484405
-1.4652514
-1.3790601
-1.3215994
-1.3120226
-1.3120226
-1.2354081
-1.2066777
-1.3024458
-1.340753
-1.4269443
-1.4939818
-1.5227122
-1.5514427
-1.6376339
-1.541866
-1.4460979
-1.283292
-0.93852705
-0.61291564
-0.23942018
0.02873042
0.16280572
0.22984336
0.33518824
0.4405331
0.6703765
0.7278373
0.8810662
0.9864111
0.8619126
0.6607997
0.6991069
0.7757214
0.78529817
0.9864111
1.0534488
1.1683705
1.0342951
0.79487497
0.60333884
0.5746084
0.5267244
1.3599066
1.484405
1.5993267
2.1547816
2.5761611
3.4955344
4.55856
5.5641246
6.0525417
7.489063
8.504205
9.203311
9.423578
9.078813
10.1226845
11.147403
11.281479
11.473015
12.26789
12.612655
12.047623
11.195287
10.199299
8.226477
6.991069
7.1730285
6.751649
7.8912888
9.14585
8.935161
10.01734
10.534488
10.390836
10.1226845
9.662998
9.136273
9.040505
8.034941
10.103531
10.28549
12.076353
11.951855
13.043611
13.484144
12.4785795
8.561666
7.489063
7.326257
1.6280571
-1.2354081
-0.5363012
2.0685902
4.1659107
3.0262709
2.2984335
0.45010993
0.9864111
2.1068976
2.2122424
2.231396
3.1794999
3.371036
3.5625722
3.5817258
3.9935284
4.2425256
4.8267107
5.592855
5.602432
4.223372
3.1603463
3.1603463
4.7884035
5.803545
2.4229321
1.1971009
2.4899697
1.5897499
2.681506
5.5258174
5.985504
4.0701427
1.8674773
1.1492168
1.5801731
2.4420857
2.7964275
3.9456444
4.8745947
3.9552212
3.2369606
2.9113493
2.5091233
2.566584
3.1603463
3.8977604
4.1371803
3.8402996
3.9456444
3.6870706
3.2465374
3.169923
-0.36391866
-4.156334
0.8810662
4.855441
4.807557
0.9672575
0.9959879
1.3694834
2.0207062
1.9919758
1.4939818
1.1971009
0.6895301
0.63206923
1.3694834
2.384625
2.1547816
2.0590134
3.3039982
4.232949
3.7062242
4.0701427
4.596867
4.5202527
-2.087744
-2.9017725
-1.2162545
1.2258313
3.572149
3.1411927
1.9057846
0.8714894
0.12449849
-0.1436521
-0.81402856
-1.292869
-1.8770541
-1.934515
-1.3790601
-0.31603462
1.3790601
3.371036
4.510676
4.912902
3.2752678
4.2999864
4.4819455
2.7868507
-1.3503298
-6.9719152
-8.360553
-1.2449849
4.7405195
7.565677
3.7732618
1.3215994
0.5267244
1.283292
2.231396
1.8483237
1.4460979
1.4173675
0.5554548
0.62249243
1.6472107
1.7142484
0.9768343
2.873042
5.1235914
5.046977
4.596867
4.4915223
3.572149
1.1300632
-2.3463178
-3.763685
-3.083732
-1.1013328
1.2066777
2.1452048
1.1779473
0.10534488
-0.59376204
0.30645782
0.009576807
-0.17238252
-1.7046716
0.37349546
2.9113493
3.169923
1.8962077
0.5267244
-0.641646
-0.8619126
-1.2162545
-1.4077905
-1.484405
-1.9632454
-1.9632454
-1.4460979
-0.32561144
2.0111294
4.654328
4.050989
3.667917
1.8387469
2.2984335
1.5514427
-0.9959879
-3.2369606
-6.349423
-4.4436383
0.46926352
6.14831
8.350976
4.8458643
1.3503298
-0.32561144
0.10534488
0.61291564
0.7469909
0.81402856
1.283292
1.2545617
1.5705963
3.2273839
3.4859576
2.2026656
3.1603463
4.606444
4.510676
4.4819455
3.8307228
1.733402
-3.2752678
-3.7062242
-1.9153614
0.18195933
2.0207062
2.1068976
1.4173675
0.62249243
0.92895025
0.7757214
0.19153613
-0.6512229
-1.6472107
-1.8100165
-0.7374141
0.90979666
2.3175871
1.5227122
1.5897499
1.2737153
1.8483237
0.90979666
-0.05746084
-2.6527755
-1.8674773
-0.4309563
-1.340753
1.9919758
5.995081
5.257667
1.8483237
-0.076614454
-0.25857377
0.81402856
1.4939818
1.5131354
1.2162545
1.2545617
1.8962077
3.1890767
3.3039982
2.183512
2.6048915
4.1371803
3.7732618
3.715801
4.146757
4.0797195
2.882619
0.20111294
-1.4556746
-1.484405
-0.047884032
1.7717092
2.030283
1.0342951
0.16280572
-0.17238252
0.1436521
0.4405331
-0.50757074
-1.8387469
-2.183512
-1.3024458
-0.5746084
1.1587936
3.514688
4.280833
4.960786
3.1316159
3.4955344
3.371036
1.1204864
-0.9959879
-4.7405195
-6.2823853
-1.8291701
4.060566
6.9623384
3.9073372
1.0055647
-0.21068975
0.6607997
1.0630256
0.82360536
0.38307226
0.5554548
0.16280572
1.1971009
2.6240451
2.4420857
1.5131354
3.3423057
5.497087
5.209783
4.357447
3.8594532
3.016694
0.94810385
-1.8962077
-3.8881836
-2.9400797
-0.31603462
2.27928
2.7581203
1.4748282
0.34476504
-0.32561144
-0.047884032
-0.6607997
-1.4939818
-1.934515
-1.8962077
-1.733402
-1.388637
-0.21068975
3.1507695
4.999093
4.0222588
2.920926
0.5650316
1.340753
1.2545617
1.8100165
-2.4133554
-5.9759274
-3.9743748
2.1739352
5.889736
5.2480903
2.183512
0.2681506
0.038307227
0.89064306
1.2737153
0.9672575
0.9576807
0.8523358
0.45968673
1.292869
2.6144683
2.4899697
1.5227122
2.4995465
4.4244847
-7.374141
0.34476504
4.414908
5.00867
1.9057846
0.5267244
0.94810385
2.1643584
2.1452048
1.532289
1.1587936
0.8810662
0.7278373
2.0111294
2.8634653
2.336741
1.5801731
2.96881
4.7788267
2.6623523
1.934515
1.3024458
-1.091756
-3.7253778
-4.548983
-2.5187001
-0.92895025
1.1683705
1.283292
0.24899697
0.11492168
0.38307226
0.32561144
-0.22026655
-0.36391866
-0.6895301
-1.1779473
-0.8714894
-0.02873042
1.388637
2.9400797
4.5394063
3.41892
1.3311762
-0.21068975
0.29688102
-0.009576807
-0.38307226
-3.6391866
-6.042965
-1.9057846
4.367024
5.602432
2.8921957
0.7086837
0.94810385
1.9919758
2.681506
2.0398598
1.3215994
1.484405
1.484405
0.8331822
1.9440918
3.3901896
2.9113493
2.3463178
3.6583402
4.644751
4.0797195
3.1794999
2.825158
1.7238252
-1.6089035
-4.309563
-4.4915223
-2.3175871
-0.8619126
1.0151415
1.6184803
0.8523358
0.5554548
0.50757074
0.4309563
0.02873042
-0.46926352
-1.2258313
-1.5993267
-1.4269443
-0.5363012
1.0247183
2.6048915
3.7732618
5.506664
3.5434184
1.5993267
0.6512229
0.22984336
-0.10534488
-2.1068976
-5.305551
-4.1276035
-0.24899697
4.4244847
4.596867
2.7102363
1.4556746
1.7908629
2.0015526
1.5610195
0.8810662
0.81402856
1.4652514
1.934515
2.1930888
2.566584
2.633622
2.6431987
3.2082303
3.8402996
3.5434184
2.1068976
0.7661445
-0.93852705
-2.719813
-3.1794999
-1.2449849
0.6607997
1.5801731
1.0342951
-0.7182605
0.2873042
-0.1340753
0.18195933
1.1109096
1.9057846
3.217807
4.0318356
2.9400797
2.0685902
1.1013328
0.5746084
0.7086837
-0.9959879
-4.8745947
-5.2863975
1.1779473
5.45878
5.6407394
2.7102363
0.20111294
0.48841715
1.6376339
2.0685902
1.7142484
1.1109096
1.541866
1.4748282
0.9768343
1.340753
2.4612393
2.27928
1.1587936
2.1643584
3.4955344
3.074155
3.6870706
4.2999864
2.8921957
0.45968673
-3.1986535
-2.030283
0.02873042
1.4173675
0.8619126
0.49799395
0.33518824
0.80445176
0.545878
-0.7374141
-1.8387469
-2.2697031
-1.9440918
-1.1300632
-0.33518824
0.6991069
3.2082303
6.1866174
6.1866174
5.0757074
1.3215994
-0.45968673
-1.5035586
1.1683705
-1.0630256
-4.548983
-3.916914
-1.0247183
4.1180267
5.5258174
3.7924154
1.4939818
0.58418524
0.2873042
0.7757214
0.79487497
0.7182605
1.2258313
1.0821792
0.6607997
2.1260512
3.8786068
3.371036
3.0454245
4.0701427
4.2999864
3.715801
4.865018
4.453215
2.4708161
-1.5227122
-3.7732618
-2.719813
-0.45968673
1.1971009
2.8443117
2.9496565
3.265691
2.1452048
0.60333884
0.23942018
-0.7182605
-1.0821792
-1.3024458
-1.733402
-1.5514427
-0.9768343
0.48841715
1.9536686
2.96881
4.0701427
3.3039982
4.1180267
4.1946416
4.146757
-0.10534488
-6.703765
-6.5601125
-0.6512229
3.8786068
-4.003105
6.4164605
4.7405195
1.0151415
0.21068975
0.48841715
1.4748282
1.7046716
1.3311762
1.3790601
1.2641385
0.8714894
2.0590134
3.514688
2.9496565
1.5897499
3.0933087
4.5777135
4.721366
4.9320555
4.7788267
2.825158
-1.0055647
-3.3518825
-2.873042
-0.90021986
1.2066777
2.7485435
2.087744
1.5897499
0.16280572
0.30645782
-0.19153613
-1.283292
-1.6280571
-1.3024458
-0.92895025
-0.038307227
2.183512
3.6774938
2.078167
1.4173675
3.0358477
2.72939
0.9959879
-5.00867
-8.178593
-3.3039982
3.3327289
6.981492
5.631162
1.9632454
0.4309563
0.78529817
1.733402
1.8770541
1.0534488
0.4405331
0.23942018
0.7374141
1.8866309
2.0494366
1.9057846
4.4244847
5.315128
5.554548
5.793968
4.865018
1.9057846
-2.3558946
-3.8019924
-3.265691
-0.82360536
1.7717092
2.5761611
2.030283
1.388637
0.37349546
0.20111294
-0.5650316
-1.2066777
-1.292869
-1.7717092
-2.087744
-1.4460979
-0.7757214
0.90979666
3.9552212
6.339846
5.056554
2.3750482
2.777274
3.5529952
0.5650316
-3.6966474
-5.66947
-0.20111294
5.4779334
7.4507556
5.3725886
2.5953147
0.9672575
0.2873042
0.16280572
-0.21068975
-0.02873042
0.1436521
0.34476504
1.1300632
3.0550013
4.060566
3.667917
5.0278234
5.0661306
5.0278234
4.8745947
3.7924154
0.79487497
-3.122039
-4.10845
-3.2369606
-0.58418524
2.2026656
2.8443117
2.183512
1.4077905
0.7661445
0.5267244
-0.38307226
-1.0342951
-1.3599066
4.0222588
-4.185065
-1.9057846
1.1300632
3.1124623
2.930503
2.183512
0.5650316
0.095768064
-0.62249243
-1.5610195
-1.7429788
-1.8483237
-2.1930888
-1.6184803
-0.8714894
-0.45968673
1.9440918
4.807557
4.050989
2.3654714
2.7964275
4.759673
4.405331
-0.46926352
-7.192182
-6.0716953
-0.58418524
4.673482
5.717354
2.72939
1.292869
0.5363012
0.79487497
1.0342951
1.0726024
1.1587936
0.7278373
0.36391866
1.4173675
2.6144683
2.6623523
2.528277
4.367024
5.4204726
5.707777
5.659893
4.9799395
2.6240451
-1.6376339
-3.9456444
-4.4244847
-2.1739352
1.3503298
3.2848446
2.8538885
1.982399
0.22026655
-0.15322891
-0.61291564
-1.1683705
-0.9576807
-1.5610195
-1.9440918
-1.292869
-0.37349546
0.92895025
4.3382936
5.554548
4.175488
2.0398598
3.0933087
3.6870706
3.0071173
-1.2258313
-6.301539
-5.171476
0.36391866
5.45878
6.5601125
3.1890767
1.2066777
0.39264908
0.39264908
0.46926352
0.40222588
0.45968673
0.45968673
0.019153614
0.91937345
2.882619
3.265691
2.7389667
4.6351743
5.985504
6.157887
5.6982
4.5202527
1.2641385
-2.8921957
-3.7924154
-3.0933087
-0.7182605
1.3982137
2.3654714
1.7621324
0.8331822
0.038307227
0.038307227
-0.6703765
-1.4939818
-1.9728222
-2.135628
-1.6280571
-0.35434186
1.9153614
4.0701427
4.7405195
3.8498764
1.3790601
1.9440918
2.6910827
2.4708161
-2.5378537
-7.201759
-4.156334
2.0015526
5.544971
5.1906295
2.1739352
0.90021986
1.1492168
1.8195933
1.934515
1.532289
0.90021986
0.545878
1.1013328
2.4037786
2.6623523
1.9919758
2.2601264
4.855441
5.650316
5.45878
3.8977604
0.06703765
-3.4093432
-4.156334
-2.432509
2.873042
2.7006595
1.7238252
0.49799395
-0.1436521
-0.30645782
-0.89064306
-1.0630256
-1.484405
-1.4748282
-0.9672575
0.23942018
1.9249382
3.6487634
3.5242648
2.5953147
0.82360536
2.2888567
1.7812861
2.719813
-1.292869
-5.1235914
-3.5242648
1.9153614
6.588843
5.2480903
0.8810662
-1.4269443
-0.82360536
1.1109096
2.0111294
1.8195933
1.3120226
1.0726024
1.4077905
2.4899697
3.763685
3.6774938
4.0701427
5.0661306
4.2521024
4.003105
4.6255975
3.5529952
-0.019153614
-4.1946416
-4.4819455
-2.4995465
-0.24899697
1.5035586
2.087744
1.532289
0.9864111
-0.31603462
0.5554548
0.24899697
-0.6512229
-0.9864111
-1.1875241
-1.340753
-1.0821792
-0.48841715
1.3694834
3.2465374
3.3806129
3.323152
2.4995465
3.8115692
1.7908629
0.545878
-0.009576807
1.1779473
2.873042
2.3654714
1.9057846
1.2258313
0.78529817
0.12449849
-0.41180268
-0.9672575
-1.532289
-1.0821792
-0.45010993
-0.038307227
-0.32561144
-1.8004397
-3.9552212
-3.122039
0.47884035
1.3024458
7.1730285
6.2345014
1.1971009
-1.2162545
-0.02873042
0.59376204
-0.61291564
-0.842759
0.05746084
0.9672575
1.2066777
1.1013328
0.78529817
0.36391866
0.1436521
0.20111294
0.33518824
0.33518824
0.19153613
-0.05746084
-0.7278373
-1.0630256
-0.9576807
-0.36391866
0.23942018
0.4213795
0.21068975
0.20111294
0.076614454
-0.23942018
-0.38307226
-0.25857377
-0.38307226
-0.41180268
-0.61291564
-0.5363012
-0.5746084
-0.5650316
-0.34476504
-0.1340753
-0.076614454
0.019153614
0.02873042
-0.047884032
-0.24899697
-0.41180268
-0.39264908
-0.35434186
-0.37349546
-0.37349546
-0.35434186
-0.35434186
-0.4213795
-0.4405331
-0.41180268
-0.23942018
-0.19153613
-0.20111294
-0.22984336
-0.32561144
-0.35434186
-0.37349546
-0.22984336
-0.22026655
-0.24899697
-0.2681506
-0.29688102
-0.32561144
-0.22984336
-0.25857377
-0.30645782
-0.29688102
-0.22984336
-0.20111294
-0.18195933
-0.11492168
-0.05746084
-0.06703765
-0.047884032
-0.05746084
-0.17238252
-0.22026655
-0.23942018
-0.16280572
-0.1340753
-0.19153613
-0.18195933
-0.17238252
-0.11492168
-0.08619126
-0.02873042
-0.019153614
-0.047884032
-0.06703765
-0.1340753
-0.1436521
-0.08619126
-0.12449849
-0.10534488
-0.18195933
-0.2777274
-0.30645782
-0.31603462
-0.37349546
-0.45010993
-0.48841715
-0.4213795
-0.31603462
-0.25857377
-0.17238252
-0.1340753
-0.06703765
-0.02873042
-0.019153614
-0.019153614
0.019153614
-0.019153614
-0.019153614
-0.06703765
-0.1340753
-0.15322891
-0.20111294
-0.15322891
-0.1436521
-0.10534488
-0.10534488
-0.06703765
-0.12449849
-0.1340753
-0.076614454
-0.06703765
-0.10534488
-0.076614454
-0.12449849
-0.15322891
-0.10534488
-0.047884032
-0.05746084
-0.1436521
-0.20111294
-0.16280572
-0.1340753
-0.17238252
-0.20111294
-0.20111294
-0.20111294
-0.17238252
-0.18195933
-0.15322891
-0.11492168
-0.10534488
-0.08619126
-0.10534488
-0.08619126
-0.06703765
-0.095768064
-0.12449849
-0.12449849
-0.21068975
-0.21068975
-0.24899697
-0.24899697
-0.21068975
-0.19153613
-0.15322891
-0.15322891
-0.12449849
-0.11492168
-0.095768064
-0.12449849
-0.11492168
-0.1436521
-0.16280572
-0.17238252
-0.15322891
-0.11492168
-0.15322891
-0.16280572
-0.1436521
-0.12449849
-0.11492168
-0.12449849
-0.076614454
-0.095768064
-0.12449849
-0.16280572
-0.18195933
-0.15322891
-0.10534488
-0.06703765
-0.047884032
-0.05746084
-0.06703765
-0.06703765
-0.076614454
-0.05746084
-0.076614454
-0.10534488
-0.095768064
-0.12449849
-0.11492168
-0.12449849
-0.08619126
-0.095768064
-0.06703765
-0.10534488
-0.11492168
-0.095768064
-0.076614454
-0.08619126
-0.08619126
-0.076614454
-0.10534488
-0.08619126
-0.06703765
-0.08619126
-0.076614454
-0.08619126
-0.076614454
-0.076614454
-0.11492168
-0.10534488
-0.10534488
-0.10534488
-0.095768064
-0.1340753
-0.10534488
-0.11492168
-0.1340753
-0.1436521
-0.1340753
-0.1340753
-0.12449849
-0.08619126
-0.076614454
-0.095768064
-0.12449849
-0.10534488
-0.095768064
-0.1340753
-0.11492168
-0.10534488
-0.15322891
-0.10534488
-0.11492168
-0.095768064
-0.08619126
-0.038307227
-0.08619126
-0.10534488
-0.095768064
-0.08619126
-0.12449849
-0.12449849
-0.12449849
-0.1436521
-0.11492168
-0.1340753
-0.08619126
-0.06703765
-0.08619126
-0.08619126
-0.076614454
-0.08619126
-0.095768064
-0.095768064
-0.10534488
-0.10534488
-0.08619126
-0.095768064
-0.11492168
-0.16280572
-0.1436521
-0.11492168
-0.08619126
-0.12449849
-0.16280572
-0.1436521
-0.11492168
-0.095768064
-0.076614454
-0.095768064
-0.076614454
-0.12449849
-0.10534488
-0.095768064
-0.10534488
-0.10534488
-0.095768064
-0.076614454
-0.095768064
-0.08619126
-0.06703765
-0.06703765
-0.047884032
-0.076614454
-0.12449849
-0.1340753
-0.08619126
-0.06703765
-0.06703765
-0.076614454
-0.095768064
-0.10534488
-0.095768064
-0.10534488
-0.10534488
-0.08619126
-0.06703765
-0.047884032
-0.076614454
-0.076614454
-0.06703765
-0.08619126
-0.095768064
-0.08619126
-0.12449849
-0.11492168
-0.11492168
-0.10534488
-0.10534488
-0.076614454
-0.06703765
-0.08619126
-0.05746084
-0.06703765
-0.08619126
-0.076614454
-0.11492168
-0.06703765
-0.05746084
-0.05746084
-0.095768064
-0.06703765
-0.08619126
-0.076614454
-0.06703765
-0.076614454
-0.08619126
-0.076614454
-0.11492168
-0.06703765
-0.076614454
-0.08619126
-0.06703765
-0.047884032
-0.047884032
-0.076614454
-0.11492168
-0.1340753
-0.1340753
-0.1436521
-0.076614454
-0.10534488
-0.05746084
-0.06703765
-0.05746084
-0.047884032
-0.047884032
-0.038307227
-0.047884032
-0.019153614
-0.02873042
-0.06703765
-0.06703765
-0.076614454
-0.076614454
-0.08619126
-0.06703765
-0.076614454
-0.095768064
-0.10534488
-0.095768064
-0.12449849
-0.10534488
-0.10534488
-0.11492168
-0.10534488
-0.095768064
-0.095768064
-0.095768064
-0.11492168
-0.12449849
-0.076614454
-0.095768064
-0.11492168
-0.11492168
-0.095768064
-0.095768064
-0.08619126
-0.076614454
-0.11492168
-0.08619126
-0.076614454
-0.076614454
-0.06703765
-0.06703765
-0.05746084
-0.10534488
-0.095768064
-0.076614454
-0.08619126
-0.076614454
-0.11492168
-0.11492168
-0.11492168
-0.1340753
-0.11492168
-0.10534488
-0.12449849
-0.11492168
-0.10534488
-0.08619126
-0.047884032
-0.038307227
-0.047884032
-0.05746084
-0.05746084
-0.10534488
-0.06703765
-0.10534488
-0.10534488
-0.08619126
-0.11492168
-0.095768064
-0.06703765
-0.076614454
-0.076614454
-0.06703765
-0.095768064
-0.06703765
-0.038307227
-0.047884032
-0.05746084
-0.08619126
-0.06703765
-0.08619126
-0.10534488
-0.11492168
-0.11492168
-0.12449849
-0.11492168
-0.08619126
-0.08619126
-0.08619126
-0.076614454
-0.08619126
-0.076614454
-0.06703765
-0.06703765
-0.05746084
-0.038307227
-0.076614454
-0.038307227
-0.047884032
-0.02873042
-0.038307227
-0.05746084
-0.05746084
-0.076614454
-0.076614454
-0.06703765
-0.076614454
-0.10534488
-0.076614454
-0.076614454
-0.06703765
-0.076614454
-0.08619126
-0.019153614
-0.05746084
-0.08619126
-0.047884032
-0.047884032
-0.06703765
-0.05746084
-0.076614454
-0.06703765
-0.06703765
-0.06703765
-0.06703765
-0.038307227
-0.047884032
-0.095768064
-0.06703765
-0.05746084
-0.038307227
-0.038307227
-0.076614454
-0.12449849
-0.08619126
-0.076614454
-0.08619126
-0.05746084
-0.10534488
-0.08619126
-0.05746084
-0.05746084
-0.08619126
-0.038307227
-0.06703765
-0.076614454
-0.12449849
-0.10534488
-0.08619126
-0.08619126
-0.076614454
-0.076614454
-0.08619126
-0.095768064
-0.08619126
-0.076614454
-0.05746084
-0.06703765
-0.05746084
-0.038307227
-0.047884032
-0.076614454
-0.05746084
-0.08619126
-0.06703765
-0.06703765
-0.076614454
-0.047884032
-0.10534488
-0.10534488
-0.095768064
-0.076614454
-0.10534488
-0.095768064
-0.10534488
-0.06703765
-0.06703765
-0.05746084
-0.02873042
-0.047884032
-0.038307227
-0.038307227
-0.08619126
-0.06703765
-0.076614454
-0.08619126
-0.06703765
-0.06703765
-0.08619126
-0.05746084
-0.047884032
-0.047884032
-0.076614454
-0.076614454
-0.11492168
-0.11492168
-0.08619126
-0.076614454
-0.08619126
-0.06703765
-0.06703765
-0.05746084
-0.06703765
-0.10534488
-0.095768064
-0.08619126
-0.10534488
-0.08619126
-0.095768064
-0.076614454
-0.08619126
-0.05746084
-0.05746084
-0.076614454
-0.08619126
-0.076614454
-0.076614454
-0.076614454
-0.076614454
-0.038307227
-0.08619126
-0.038307227
-0.047884032
-0.12449849
-0.11492168
-0.11492168
-0.1436521
-0.1436521
-0.11492168
-0.10534488
-0.10534488
-0.11492168
-0.18195933
-0.1436521
-0.11492168
-0.095768064
-0.06703765
-0.095768064
-0.076614454
-0.076614454
-0.06703765
-0.076614454
-0.076614454
-0.12449849
-0.10534488
-0.08619126
-0.10534488
-0.076614454
-0.076614454
-0.047884032
-0.06703765
-0.038307227
-0.05746084
-0.06703765
-0.038307227
-0.02873042
-0.05746084
-0.05746084
-0.06703765
-0.08619126
-0.08619126
-0.095768064
-0.08619126
-0.047884032
-0.06703765
-0.06703765
-0.047884032
-0.10534488
-0.08619126
-0.047884032
-0.047884032
-0.08619126
-0.076614454
-0.12449849
-0.095768064
-0.10534488
-0.06703765
-0.047884032
-0.05746084
-0.02873042
-0.047884032
-0.038307227
-0.038307227
-0.047884032
-0.047884032
-0.05746084
-0.05746084
-0.076614454
-0.08619126
-0.11492168
-0.10534488
-0.095768064
-0.095768064
-0.095768064
-0.08619126
-0.076614454
-0.095768064
-0.05746084
-0.019153614
-0.038307227
-0.06703765
-0.06703765
-0.08619126
-0.08619126
-0.11492168
-0.095768064
-0.12449849
-0.12449849
-0.12449849
-0.076614454
-0.11492168
-0.06703765
-0.08619126
-0.08619126
-0.076614454
-0.10534488
-0.11492168
-0.08619126
-0.05746084
-0.076614454
-0.076614454
-0.11492168
-0.11492168
-0.095768064
-0.08619126
-0.076614454
-0.076614454
-0.095768064
-0.06703765
-0.05746084
-0.047884032
-0.095768064
-0.08619126
-0.10534488
-0.076614454
-0.10534488
-0.076614454
-0.095768064
-0.08619126
-0.06703765
-0.06703765
-0.08619126
-0.095768064
-0.05746084
-0.08619126
-0.047884032
-0.047884032
-0.12449849
-0.12449849
-0.1436521
-0.19153613
-0.21068975
-0.23942018
-0.32561144
-0.37349546
-0.29688102
-0.31603462
-0.31603462
-0.29688102
-0.2873042
-0.21068975
-0.16280572
-0.11492168
-0.06703765
-0.06703765
-0.095768064
-0.095768064
-0.1436521
-0.15322891
-0.05746084
0.1436521
0.4405331
0.7278373
0.79487497
0.6607997
0.21068975
0.12449849
0.21068975
0.19153613
0.36391866
0.50757074
0.5650316
0.6512229
0.80445176
0.9959879
1.2066777
1.3024458
1.13964
0.46926352
-0.5267244
-1.2066777
-1.2258313
-1.13964
-0.9672575
-0.545878
-0.40222588
-0.58418524
-0.9864111
-1.2354081
-0.90979666
-0.38307226
0.2873042
0.80445176
0.90979666
0.7469909
0.62249243
0.45968673
0.22984336
-0.02873042
-0.06703765
-0.29688102
-0.82360536
-0.93852705
-0.6607997
-0.59376204
-0.7278373
-0.48841715
0.19153613
0.80445176
-0.08619126
-0.5267244
-0.24899697
0.10534488
0.076614454
0.019153614
-0.1340753
-0.39264908
-0.45010993
-0.4213795
-0.45010993
-0.2873042
-0.11492168
-0.038307227
-0.05746084
-0.10534488
-0.21068975
-0.23942018
-0.22984336
-0.20111294
-0.10534488
-0.038307227
-0.038307227
-0.10534488
-0.10534488
-0.1436521
-0.15322891
-0.12449849
-0.1436521
-0.10534488
-0.06703765
-0.038307227
-0.05746084
-0.019153614
-0.009576807
-0.009576807
0.009576807
0.019153614
0.019153614
-0.019153614
-0.02873042
-0.009576807
0.019153614
0.019153614
0.019153614
0.009576807
0.009576807
-0.05746084
-0.047884032
-0.047884032
-0.038307227
-0.02873042
-0.019153614
-0.02873042
-0.019153614
-0.009576807
-0.02873042
-0.02873042
-0.02873042
0.009576807
0.009576807
-0.009576807
-0.02873042
-0.02873042
-0.02873042
-0.019153614
-0.009576807
-0.009576807
-0.009576807
-0.02873042
-0.009576807
-0.009576807
-0.019153614
0.019153614
0.08619126
0.16280572
0.19153613
0.1340753
0.11492168
0.076614454
0.047884032
0.02873042
-0.009576807
-0.06703765
-0.06703765
-0.08619126
-0.076614454
-0.095768064
-0.12449849
-0.10534488
-0.1436521
-0.16280572
-0.038307227
-0.038307227
-0.019153614
0.009576807
0.009576807
0.009576807
0.009576807
-0.038307227
-0.06703765
-0.05746084
-0.038307227
-0.019153614
-0.019153614
-0.047884032
-0.02873042
-0.009576807
-0.019153614
-0.038307227
-0.047884032
-0.009576807
0.009576807
-0.02873042
0.009576807
0.019153614
-0.009576807
0.019153614
-0.009576807
-0.02873042
-0.019153614
-0.019153614
-0.05746084
-0.047884032
-0.076614454
-0.076614454
-0.047884032
-0.019153614
-0.05746084
-0.02873042
-0.019153614
-0.05746084
-0.019153614
-0.009576807
-0.019153614
-0.02873042
-0.009576807
0.009576807
0.02873042
0.047884032
0.009576807
-0.019153614
-0.019153614
-0.038307227
-0.038307227
-0.019153614
-0.009576807
-0.038307227
-0.06703765
-0.05746084
-0.038307227
-0.05746084
-0.02873042
-0.019153614
-0.009576807
-0.038307227
-0.02873042
-0.047884032
-0.02873042
-0.038307227
-0.02873042
-0.047884032
-0.05746084
-0.02873042
-0.019153614
-0.009576807
-0.02873042
-0.05746084
-0.02873042
-0.02873042
-0.05746084
-0.038307227
-0.019153614
-0.009576807
-0.02873042
-0.05746084
-0.047884032
-0.047884032
-0.047884032
-0.06703765
-0.06703765
-0.06703765
-0.05746084
-0.06703765
-0.05746084
-0.05746084
-0.06703765
-0.05746084
-0.076614454
-0.076614454
-0.02873042
-0.019153614
-0.038307227
-0.038307227
-0.019153614
-0.019153614
-0.02873042
-0.009576807
-0.009576807
-0.038307227
-0.05746084
-0.038307227
-0.02873042
-0.047884032
-0.06703765
-0.06703765
-0.019153614
-0.047884032
-0.019153614
-0.02873042
-0.02873042
-0.02873042
-0.009576807
-0.047884032
-0.019153614
-0.019153614
-0.009576807
-0.02873042
-0.05746084
-0.05746084
-0.038307227
-0.05746084
-0.038307227
-0.038307227
-0.019153614
-0.06703765
-0.076614454
-0.047884032
-0.047884032
-0.047884032
-0.02873042
-0.038307227
-0.05746084
-0.076614454
-0.08619126
-0.047884032
-0.047884032
-0.095768064
-0.10534488
-0.06703765
-0.095768064
-0.095768064
-0.11492168
-0.08619126
-0.08619126
-0.06703765
-0.038307227
-0.076614454
-0.038307227
-0.08619126
-0.06703765
-0.05746084
-0.095768064
-0.095768064
-0.08619126
-0.095768064
-0.06703765
-0.047884032
-0.06703765
-0.038307227
-0.076614454
-0.038307227
-0.038307227
-0.06703765
-0.038307227
-0.019153614
-0.038307227
-0.076614454
-0.05746084
-0.076614454
-0.076614454
-0.06703765
-0.038307227
-0.02873042
-0.047884032
-0.06703765
-0.08619126
-0.095768064
-0.12449849
-0.10534488
-0.12449849
-0.12449849
-0.11492168
-0.15322891
-0.1340753
-0.10534488
-0.08619126
-0.076614454
-0.08619126
-0.08619126
-0.06703765
-0.11492168
-0.12449849
-0.10534488
-0.05746084
-0.05746084
-0.009576807
-0.009576807
0.02873042
0.06703765
0.05746084
0.08619126
0.038307227
-0.095768064
-0.1340753
-0.076614454
-0.019153614
-0.545878
-0.9864111
-1.283292
-1.340753
-0.8523358
-0.35434186
0.39264908
1.3694834
2.3080103
2.873042
3.5529952
1.8004397
2.1930888
2.3175871
1.6472107
-0.5363012
-4.271256
-7.345411
-1.1013328
4.271256
5.171476
1.9728222
0.6607997
1.1587936
1.8962077
1.8387469
0.82360536
0.46926352
0.93852705
0.79487497
-0.4405331
0.32561144
2.3558946
1.9728222
1.7717092
3.8881836
4.1659107
3.8881836
4.0318356
4.232949
3.1124623
0.39264908
-3.2273839
-4.4819455
-3.6583402
-0.9959879
1.2737153
2.1547816
1.4939818
0.5650316
0.29688102
0.15322891
-0.4309563
-0.93852705
-1.1587936
-1.541866
-1.4652514
-1.0534488
1.0534488
1.3790601
0.7757214
0.93852705
1.4269443
3.5051112
2.9113493
3.5913026
5.104438
4.865018
4.2904096
4.175488
4.060566
2.5761611
-0.34476504
-3.2944214
-4.309563
-1.3120226
1.8579005
2.183512
0.93852705
0.16280572
0.1340753
-0.095768064
-0.10534488
-0.545878
-1.2737153
-1.6089035
-1.4939818
-0.2777274
2.4037786
4.807557
5.7365074
5.3247046
3.7445314
2.681506
3.217807
0.5363012
-1.0055647
-6.1004257
-1.6950948
4.9703627
7.1059904
3.6583402
0.8331822
0.37349546
1.436521
2.4995465
2.6240451
2.1164744
2.2122424
1.8291701
1.1971009
1.9919758
2.7868507
2.336741
3.1507695
5.1235914
5.00867
4.501099
3.41892
1.8291701
-0.12449849
-2.5953147
-3.6774938
-1.7429788
0.12449849
1.2737153
1.2162545
0.22984336
0.038307227
0.41180268
-0.095768064
-0.7757214
-1.1971009
-1.532289
-1.5705963
-1.0821792
-0.095768064
1.8004397
2.6240451
3.5051112
4.462792
3.1507695
2.719813
3.4763808
1.2641385
-2.1930888
-6.5696893
-5.363012
-0.7086837
4.9703627
7.9104424
5.142745
1.3694834
-0.641646
-0.5554548
0.41180268
0.8331822
0.82360536
0.51714754
0.37349546
0.6607997
2.1547816
2.6719291
2.2122424
3.2082303
4.5777135
5.21936
5.66947
4.55856
1.6759412
-2.585738
-3.2273839
-2.2888567
-1.3694834
0.06703765
0.7757214
0.641646
0.22984336
-0.32561144
-0.21068975
0.11492168
-0.009576807
-0.90979666
-1.733402
-1.9057846
-1.0726024
0.24899697
2.1260512
1.5897499
-0.51714754
-1.4939818
-1.1013328
1.2641385
3.1507695
-0.51714754
-3.8977604
-2.3558946
1.934515
5.2480903
5.0374002
2.2505496
0.019153614
0.009576807
0.48841715
1.4077905
1.4652514
1.0821792
1.0342951
0.842759
0.8810662
2.4420857
3.1411927
2.777274
3.6008794
4.2042184
4.3766007
4.4915223
4.3287168
3.3518825
-0.20111294
-3.3901896
-4.223372
-1.436521
1.2641385
2.9496565
2.087744
1.1683705
0.038307227
-1.1971009
-0.4405331
-0.11492168
-0.33518824
-1.091756
-1.9536686
-1.7142484
-1.1683705
0.23942018
2.2697031
3.9264908
4.4723687
3.5529952
4.1659107
5.267244
3.572149
-0.5267244
-6.5026517
-9.595961
-3.8881836
2.2984335
-7.0581064
2.3942018
-0.06703765
0.1436521
1.043872
1.6184803
1.0821792
0.7374141
0.79487497
0.34476504
0.60333884
2.3558946
2.882619
2.96881
4.6255975
5.00867
4.903325
4.9320555
4.453215
1.2162545
-3.514688
-4.5202527
-3.2465374
-1.6567876
0.6512229
1.9728222
1.5035586
0.842759
-0.1340753
0.2681506
-0.02873042
-0.4213795
-0.7469909
-1.7142484
-2.0111294
-1.3120226
-0.32561144
0.6991069
4.050989
5.7365074
3.6966474
0.6991069
1.0055647
3.7445314
3.572149
-0.9959879
-6.38773
-5.1906295
4.3861775
6.8761473
4.8745947
1.5897499
0.4309563
0.38307226
0.7757214
1.0151415
0.9864111
0.8810662
0.7374141
1.0055647
2.327164
2.8634653
2.0590134
2.7102363
4.673482
5.171476
5.257667
5.0374002
4.1371803
0.6703765
-2.5761611
-3.2561142
0.47884035
2.585738
2.2505496
1.1109096
-0.17238252
-0.11492168
-0.15322891
-0.35434186
-0.8714894
-1.532289
-1.5993267
-0.9768343
-0.39264908
1.3694834
4.0222588
5.094861
3.6870706
2.0015526
3.8594532
3.7062242
1.8387469
-3.572149
-7.5848308
-4.5394063
1.1204864
5.554548
7.326257
4.1946416
1.436521
0.8523358
0.22026655
-0.10534488
-0.21068975
-0.009576807
0.24899697
-0.076614454
1.1109096
3.1411927
3.074155
2.2601264
3.9073372
5.133168
5.391742
5.161899
0.91937345
-3.6104562
-4.606444
-3.7732618
-1.5514427
1.2066777
2.2218192
1.6280571
0.8714894
0.32561144
0.2873042
0.1340753
-0.06703765
-0.641646
-1.7812861
-2.4516625
-1.7621324
-0.39264908
1.5897499
4.903325
5.813122
4.050989
1.6950948
0.49799395
2.1452048
2.231396
1.8962077
-1.9632454
-5.439626
-3.964798
1.8291701
6.3685765
7.1155677
2.815581
-0.17238252
-1.0055647
-0.009576807
1.1971009
1.340753
1.3120226
1.1683705
1.1971009
2.7389667
3.8881836
2.5474305
2.27928
3.667917
4.003105
3.620033
3.41892
2.3942018
0.10534488
0.63206923
0.8619126
0.89064306
0.8619126
1.043872
1.733402
1.6567876
1.6280571
1.4652514
1.3982137
1.2354081
1.1013328
0.91937345
0.80445176
0.6991069
0.60333884
0.41180268
0.08619126
0.1340753
0.48841715
0.4309563
0.12449849
-0.1436521
-0.30645782
-0.41180268
-0.51714754
-0.5746084
-0.63206923
-0.7661445
-0.7469909
-0.60333884
-0.40222588
-0.2873042
-0.34476504
-0.39264908
-0.29688102
-0.10534488
0.1436521
0.1340753
-0.1436521
-0.45968673
-0.2873042
0.18195933
0.6991069
0.8810662
0.7374141
0.31603462
0.02873042
0.06703765
0.08619126
-0.17238252
-0.38307226
-0.58418524
-0.63206923
-0.48841715
-0.02873042
0.93852705
1.8004397
2.1260512
2.1164744
2.2218192
1.043872
-1.5610195
-3.6583402
-2.0973208
0.15322891
1.6280571
2.2984335
1.7908629
0.91937345
0.02873042
-0.30645782
0.21068975
1.1109096
1.7238252
1.9249382
1.8291701
1.6950948
1.2162545
1.1779473
1.7717092
0.6512229
0.08619126
-1.0151415
-0.6799533
-0.45968673
-0.7182605
-1.5131354
-2.2505496
-2.1068976
-1.1109096
0.31603462
1.484405
3.1028855
4.4340615
4.213795
4.5298295
3.3806129
-4.31914
-9.557653
-5.66947
0.5363012
5.3342814
7.52737
4.0797195
1.0726024
0.08619126
0.641646
0.9959879
0.7757214
0.22026655
0.2873042
0.16280572
-0.22984336
0.49799395
2.27928
2.4899697
3.169923
4.261679
3.9839516
4.232949
4.4244847
3.8402996
0.7469909
-2.882619
-3.3614593
-2.5761611
-0.641646
1.532289
1.7238252
1.3694834
0.92895025
0.21068975
0.047884032
-0.095768064
-0.29688102
-0.5363012
-1.1587936
-1.934515
-1.5993267
-1.091756
-0.06703765
1.436521
3.083732
4.0318356
3.3997664
2.0494366
3.4093432
2.6910827
-0.8331822
-5.45878
-8.121132
-2.0590134
3.7732618
6.9623384
5.171476
1.4269443
-0.50757074
0.4213795
1.8387469
2.0973208
1.3311762
1.0055647
1.3503298
1.2737153
0.8523358
2.3463178
3.7062242
3.7924154
3.4955344
3.2369606
3.7924154
4.146757
3.2848446
0.076614454
-3.5625722
-3.2082303
-1.4939818
0.009576807
1.6472107
1.5705963
1.1013328
0.5746084
0.02873042
0.009576807
-0.22026655
-0.5746084
-1.1109096
-1.7908629
-1.7812861
-0.78529817
-0.009576807
1.2449849
3.9073372
4.596867
3.5338416
2.5091233
3.964798
3.6296098
2.0015526
-2.8634653
-7.038953
-5.315128
0.59376204
5.00867
5.6407394
2.6910827
0.49799395
0.49799395
1.3024458
1.3694834
0.7469909
0.5650316
0.94810385
1.1875241
0.8714894
2.7389667
4.501099
4.1276035
1.3024458
-2.6910827
-2.9400797
-0.9864111
0.842759
2.1452048
1.9728222
1.3503298
0.7086837
-0.019153614
-0.30645782
-0.19153613
-0.19153613
-0.7278373
-1.6759412
-1.8674773
-0.94810385
-0.076614454
2.5187001
5.046977
4.4340615
2.8060043
0.9768343
1.5801731
2.6910827
2.528277
0.095768064
-3.7924154
-4.1276035
-0.17238252
4.271256
5.6407394
3.1028855
0.10534488
-1.3694834
0.79487497
1.8387469
1.8195933
1.4939818
1.4460979
1.4269443
0.9959879
1.2258313
2.9783869
3.4955344
3.4572272
3.1028855
3.083732
4.1659107
4.5298295
2.7389667
-1.4460979
-3.2273839
-2.5474305
-0.8523358
1.0726024
2.3750482
2.1739352
1.9728222
1.1587936
0.038307227
-0.25857377
-0.38307226
-0.4405331
-0.8523358
-1.9440918
-2.0685902
-1.292869
-0.5650316
0.9864111
5.391742
4.6351743
3.169923
4.4723687
4.3861775
2.681506
-7.9583263
-7.1251445
-0.6512229
3.7732618
6.7612257
4.2425256
1.2258313
0.58418524
1.0630256
1.6759412
1.6950948
1.3503298
1.1492168
0.82360536
0.41180268
1.8291701
2.566584
2.566584
3.1124623
3.3423057
3.8881836
4.8267107
4.9224787
2.585738
-1.8004397
-4.5777135
-3.514688
-1.5610195
0.60333884
2.3175871
1.9728222
1.4939818
0.6607997
0.6607997
-0.095768064
-0.1340753
-0.23942018
-0.7086837
-1.7429788
-1.8962077
-1.2258313
0.36391866
2.4612393
4.1371803
4.903325
3.7732618
1.8962077
1.9632454
1.7525556
0.80445176
-1.0821792
-4.8458643
-5.583278
-1.484405
4.5202527
6.6367273
4.10845
0.90979666
0.20111294
0.8523358
1.8483237
2.030283
1.4939818
1.283292
1.6759412
1.2737153
1.5897499
3.064578
2.8060043
4.405331
4.213795
4.4723687
4.4723687
3.466804
0.41180268
-3.2082303
-3.4284968
-1.733402
0.1340753
1.8291701
1.5705963
1.13964
0.6607997
0.19153613
0.02873042
-0.05746084
-0.41180268
-0.8523358
-1.4748282
-1.4556746
-0.7278373
0.047884032
0.90021986
4.453215
6.14831
4.2904096
0.9768343
1.484405
3.466804
3.7062242
-0.009576807
-4.865018
-5.9663506
-2.3558946
3.1411927
6.2728086
5.315128
2.4516625
0.51714754
0.6607997
1.0821792
1.0342951
0.6703765
0.41180268
0.4213795
0.34476504
0.7757214
2.681506
2.9975405
2.9496565
3.6774938
4.2999864
3.6487634
0.51714754
0.545878
0.35434186
0.59376204
0.7278373
0.5650316
1.3694834
2.3463178
2.3558946
2.7006595
3.5529952
2.9113493
1.541866
1.2258313
1.3120226
0.22984336
0.8810662
2.6240451
3.0550013
2.5091233
1.2066777
-0.22026655
-1.5035586
-2.1164744
-2.1164744
-2.4899697
-2.7102363
-2.2409728
-1.3790601
-0.8331822
2.9017725
9.040505
11.836933
7.3166804
0.7086837
-8.494628
-8.274361
-2.4516625
2.9592333
5.841852
2.96881
-0.21068975
-1.4556746
-0.50757074
0.8331822
1.2354081
1.5131354
2.27928
2.6048915
2.3080103
2.4995465
2.6910827
2.585738
2.6719291
3.8019924
4.2999864
3.3901896
1.5801731
0.8331822
0.842759
0.45968673
-0.7374141
-1.8962077
-1.388637
0.4405331
0.545878
-0.89064306
-2.4420857
-2.72939
-3.2752678
-2.9783869
-1.7908629
-0.7661445
-0.17238252
-0.21068975
-0.4309563
-0.38307226
0.59376204
2.1643584
4.280833
7.1826053
6.9144545
3.0358477
-0.10534488
-2.432509
0.9576807
1.2641385
-1.8100165
-3.1028855
-1.0630256
1.3790601
1.6280571
1.0055647
0.90021986
1.3982137
2.5091233
3.5529952
3.5242648
3.3614593
3.5051112
2.9879637
2.384625
2.3080103
3.0550013
2.7964275
1.283292
-0.22026655
-2.4708161
-1.6376339
0.39264908
2.8921957
3.9743748
3.8498764
2.5953147
1.3982137
0.9672575
0.89064306
0.36391866
-0.31603462
-0.78529817
-0.6512229
0.22984336
1.0247183
2.2697031
3.7253778
4.5394063
3.9456444
3.5625722
1.1683705
-0.7086837
-2.4995465
-4.0797195
-4.309563
-2.2218192
0.29688102
0.34476504
-0.047884032
0.30645782
1.13964
2.1547816
3.1890767
3.0933087
2.480393
1.9440918
1.2641385
0.7278373
0.641646
0.9959879
1.6950948
2.930503
4.0318356
4.4915223
4.6830587
4.4436383
3.3039982
1.982399
0.6703765
-0.16280572
-2.3175871
-4.5298295
-4.5681367
-0.038307227
3.7828386
3.9360676
2.1068976
0.9672575
0.46926352
0.038307227
-0.58418524
-1.1587936
-1.6184803
-2.0207062
-1.7429788
0.22026655
6.4068837
5.2959743
-1.0630256
-5.267244
-5.1810527
-4.654328
-0.047884032
4.654328
5.793968
4.309563
3.1986535
2.1452048
1.4077905
1.7812861
2.8538885
4.0797195
5.046977
4.2042184
1.4460979
-0.545878
0.45968673
1.9153614
4.1659107
3.9360676
2.2505496
0.6607997
0.7086837
1.5993267
1.8962077
2.3080103
3.6008794
7.699753
13.618219
8.561666
0.80445176
-1.7238252
-1.5131354
0.37349546
2.0207062
2.2888567
1.8004397
1.7812861
3.6391866
5.104438
5.6407394
5.257667
4.596867
2.4516625
3.9360676
8.24563
7.4507556
3.6774938
1.7908629
0.8714894
2.5953147
3.2944214
2.0590134
1.7429788
3.2082303
4.9895163
6.196194
5.755661
4.5298295
4.1659107
5.305551
6.2345014
5.209783
3.6104562
2.1452048
1.7621324
1.9632454
1.7046716
2.0685902
3.323152
4.2042184
5.746084
6.5696893
6.0716953
5.659893
5.2480903
4.654328
0.6895301
-1.1779473
-0.5650316
1.1875241
2.6719291
2.825158
1.7142484
1.0726024
1.5897499
3.9935284
5.707777
8.293514
6.4068837
7.019799
9.32781
13.378799
10.907983
7.843405
5.592855
-0.7757214
-3.074155
3.371036
5.1523223
4.8267107
3.3423057
1.7429788
0.22026655
-0.60333884
-1.1683705
-0.8619126
-0.35434186
-0.5554548
-1.0342951
-1.7621324
-2.327164
-1.8483237
-1.2449849
-0.7278373
-0.61291564
-0.21068975
0.095768064
0.45010993
0.2873042
0.6799533
0.9864111
0.842759
0.89064306
1.7046716
2.2984335
2.1164744
2.030283
1.6472107
0.92895025
0.6895301
1.2066777
0.82360536
0.40222588
0.6799533
0.82360536
0.9864111
1.4173675
1.6376339
1.5705963
0.94810385
0.7661445
1.3694834
-0.34476504
1.1204864
3.5051112
4.0414124
2.231396
1.0821792
2.087744
1.3311762
1.2449849
-0.24899697
-0.5267244
-0.30645782
-0.842759
-1.4460979
-1.0055647
-1.0055647
-1.0055647
-0.5650316
-2.4037786
-2.0973208
-2.6527755
-1.4939818
-0.6703765
-0.19153613
-0.34476504
-0.41180268
-0.34476504
0.19153613
0.7182605
1.043872
1.091756
1.1683705
0.51714754
0.21068975
0.06703765
0.009576807
0.019153614
-0.019153614
-0.02873042
-0.038307227
-0.02873042
-0.02873042
-0.02873042
-0.02873042
0.02873042
-0.095768064
-0.038307227
-0.095768064
-0.1340753
-0.047884032
-0.047884032
-0.019153614
-0.019153614
0.019153614
0.019153614
-0.019153614
0.038307227
0.038307227
0.05746084
0.047884032
0.038307227
0.047884032
0.05746084
0.06703765
0.009576807
-0.02873042
-0.038307227
-0.009576807
0.009576807
-0.02873042
0.019153614
0.02873042
0.02873042
0.019153614
-0.02873042
-0.038307227
-0.009576807
-0.009576807
-0.05746084
-0.10534488
-0.038307227
0.02873042
-0.02873042
-0.02873042
-0.02873042
0.019153614
-0.019153614
-0.06703765
-0.038307227
-0.047884032
-0.047884032
-0.019153614
0.038307227
-0.009576807
0.019153614
-0.009576807
-0.02873042
-0.019153614
0.05746084
0.10534488
0.06703765
0.047884032
0.10534488
0.17238252
0.1436521
0.038307227
-0.038307227
-0.08619126
-0.12449849
-0.02873042
0.019153614
-0.019153614
-0.15322891
-0.08619126
-0.009576807
-0.009576807
0.02873042
0.019153614
0.019153614
0.019153614
0.02873042
0.02873042
0.02873042
0.009576807
0.02873042
0.047884032
0.038307227
0.06703765
0.06703765
0.02873042
0.009576807
0.019153614
-0.009576807
0.009576807
0.019153614
-0.019153614
-0.019153614
-0.009576807
0.019153614
0.019153614
-0.009576807
0.009576807
0.009576807
0.009576807
0.009576807
0.009576807
0.019153614
0.02873042
0.038307227
-0.009576807
0.009576807
0.038307227
0.038307227
-0.019153614
-0.02873042
-0.009576807
-0.009576807
-0.009576807
-0.038307227
0.02873042
0.05746084
0.038307227
0.009576807
-0.15322891
-0.009576807
0.05746084
0.009576807
