#START#1363775900
0,05;2,11;10,08
-0,1;2,13;10,33
1,43;1,35;10,35
0,57;2,09;10,15
0,14;2,11;9,69
0,05;1,71;10,18
-0,46;1,02;10,91
-0,47;0,12;9,08
-0,86;0,17;11,62
-0,39;0,4;12,35
-0,91;0,21;11,67
-1,23;0,34;11,13
-1,54;0,73;10,55
-1,74;1;10,33
-1,92;1,04;10,18
-2,09;0,84;10,13
-2,23;0,48;10,44
-2,4;0,3;11,26
-2,54;0,1;12,13
-2,38;-0,28;12,76
-2,03;-0,64;12,64
-1,8;-0,88;12,28
-1,72;-0,81;11,98
-1,68;-0,61;11,87
-1,63;-0,45;11,33
-1,69;-0,2;10,82
-1,63;-0,03;10,69
-1,61;0,02;10,5
-1,53;0,1;10,48
-1,52;0,26;10,18
-1,47;0,34;10,12
-1,38;0,35;9,64
-1,4;0,32;8,93
-1,48;0,45;8,28
-1,38;0,51;7,8
-1,45;0,47;7,52
-1,35;0,47;7,76
-1,04;0,4;8,04
-0,56;0,28;8,15
-0,08;0,15;8,17
0,27;0,04;7,92
0,39;-0,03;7,75
0,35;0,17;7,32
0,39;0,35;7,22
0,63;0,39;7,17
0,78;0,79;7,81
0,86;1,14;8,04
0,99;1,38;7,97
1,24;1,29;7,58
1,58;1,2;6,88
1,67;1,08;6,11
1,91;1,28;6,99
2,19;1,47;8,07
2,19;1,12;8,54
2,08;1,34;9,6
1,86;1,67;9,69
1,72;2,26;9,87
1,33;2,62;9,7
1,13;2,84;9,42
0,88;3,03;9,17
0,43;3,11;8,72
-0,17;3,21;8,35
-0,48;3,21;8,13
-0,48;3,16;8,17
-0,47;2,81;8,51
-0,67;2,56;8,88
-0,81;1,8;9,7
-0,78;1,81;11,01
-0,49;1,92;11,82
-0,23;1,97;12,77
-0,19;1,69;13,39
-0,72;0,87;13,58
-1,03;0,14;14,37
-1,18;0,15;14,94
-1,35;0,65;14,34
-1,54;0,65;12,74
-1,8;0,36;10,41
-2,02;0,1;8,51
-2,13;-0,11;7,63
-2,21;-0,18;7,58
-2,23;-0,24;8,12
-2,01;-0,3;8,73
-1,86;-0,24;9,14
-1,57;0,04;9,37
-1,19;0,38;9,17
-0,9;0,79;8,75
-0,7;1,21;8,12
-0,57;1,59;7,68
-0,59;1,83;7,61
-0,66;2,11;7,65
-0,79;2,15;7,85
-1,02;2,31;8,1
-1,31;2,22;8,45
-1,58;2,2;8,7
-1,84;2,2;9,02
-1,97;2,18;9,22
-1,78;2,16;9,21
-1,56;2,17;9,14
-1,33;2,11;9,27
-1,24;1,97;9,57
-1,23;1,68;9,94
-1,42;1,69;10,41
-1,36;1,86;10,98
-1;1,74;12,02
-0,64;1,18;13,64
-0,33;0,64;15,13
-0,02;0,42;15,13
0,69;0,24;13,67
1,68;0,07;11,57
2,68;-0,14;9,65
3,16;-0,34;8,35
2,99;-0,34;8,06
2,35;-0,2;8,32
1,18;-0,11;8,74
-0,04;-0,08;9,05
-1,06;-0,08;9,09
-1,59;0,13;8,78
-1,78;0,56;8,24
-1,76;1,08;7,99
-1,5;1,46;7,83
-1,11;1,54;7,65
-0,49;1,7;7,64
0,19;1,88;7,88
0,62;2,08;8,35
0,68;2,08;8,93
0,54;2,17;9,17
0,26;2,23;9,2
0,23;2,29;9,28
0,32;2,42;9,5
0,44;2,52;9,82
0,57;2,4;10,35
0,87;2,15;10,65
1,3;1,82;11,05
1,63;1,55;11,41
1,75;1,43;11,94
1,62;1,13;12,72
1,16;0,45;13,82
0,74;-0,04;15,06
0,57;-0,09;15,66
0,49;0,1;14,76
0,28;0,06;12,5
0,04;-0,35;9,97
-0,22;-0,77;8,11
-0,48;-1,1;7,14
-0,72;-1,13;7,1
-0,64;-0,94;7,87
-0,53;-0,67;8,73
-0,41;-0,34;9,32
-0,43;0,09;9,34
-0,57;0,54;9,03
-0,72;0,92;8,42
-0,88;1,3;7,91
-1,06;1,53;7,56
-1,26;1,79;7,54
-1,38;2,03;7,66
-1,53;2,16;7,82
-1,63;2,22;7,97
-1,66;2,28;8,21
-1,6;2,29;8,63
-1,49;2,39;8,88
-1,37;2,39;9
-1,1;2,37;8,9
-0,8;2,22;9,1
-0,58;1,88;9,69
-0,47;1,72;10,52
-0,48;1,57;11,46
-0,59;1,76;12,29
0,48;2,59;12,83
1,03;2,14;13,31
1,51;1,44;14
1,27;0,32;14,14
0,23;-1,4;13,58
1,26;-1,32;12,42
1,94;-1,71;10,97
2,23;-1,23;9,34
1,8;-0,62;8,61
1;-0,19;8,48
0,27;0,23;8,35
-0,48;0,55;8,07
-0,92;0,82;7,73
-1,11;1,2;7,63
-0,96;1,59;7,7
-0,65;1,95;7,83
-0,47;2,12;8,12
-0,21;1,98;8,31
-0,1;2,02;8,61
0,03;1,93;8,65
0,04;1,95;8,71
0,01;2,15;8,58
0,01;2,36;8,63
-0,04;2,58;8,76
-0,04;2,62;8,94
-0,17;2,55;9,14
-0,14;2,23;9,59
0,01;2,05;10,04
0,22;1,87;10,61
0,5;1,77;11,4
0,57;1,82;13,69
0,12;0,88;14,81
-0,57;0,54;15,5
-0,29;0,64;15,28
-0,11;0,79;13,85
-0,11;0,61;11,59
-0,37;0,24;9,47
-0,65;-0,12;8,23
-0,84;-0,06;7,85
-0,97;0,04;7,79
-0,9;0,08;7,71
-0,74;0,2;7,74
-0,61;0,32;7,7
-0,68;0,55;7,55
-0,9;0,83;7,3
-1,18;1,13;6,99
-1,34;1,33;6,83
-1,46;1,67;6,9
-1,6;2;7,23
-1,79;2,33;7,65
-1,8;2,49;8,12
-1,74;2,67;8,6
-1,68;2,86;9,22
-1,61;3,03;9,69
-1,35;3,02;9,75
-1,05;2,78;9,62
-0,68;2,46;9,76
-0,51;2,11;10,23
-0,62;1,73;10,93
-0,8;1,68;11,81
-0,81;1,93;12,54
-0,58;2,04;13,51
-0,17;1,91;14,9
-0,11;1,57;15,52
-0,11;1,11;14,7
0,06;0,53;12,78
0,4;0,18;10,75
1,06;-0,16;8,8
1,39;-0,3;7,52
1,22;-0,24;7,13
0,96;-0,04;7,45
0,51;0,19;7,82
0,09;0,53;8,1
-0,27;0,86;8,03
-0,45;1,17;7,85
-0,48;1,47;7,66
-0,32;1,68;7,61
-0,18;1,8;7,66
-0,09;1,88;7,78
0,06;1,99;8,03
0,17;2,13;8,23
0,27;2,33;8,49
0,31;2,49;8,6
0,35;2,62;8,61
0,36;2,64;8,64
0,36;2,57;8,78
0,24;2,42;9,18
0,1;2,22;10,14
-0,02;2,21;11,42
-0,01;2,36;12,42
-0,34;2,16;13,22
-1,02;1,72;14,31
-1,57;1,25;15,37
-1,64;1,05;15,86
-1,35;0,79;14,9
-1,24;0,63;12,66
-1,39;0,52;10,29
-1,61;0,23;8,36
-1,73;0,13;7,38
-1,91;0,08;7,26
-1,82;0,06;7,7
-1,65;0,03;8,11
-1,56;0,23;8,34
-1,38;0,43;8,19
-1,24;0,53;7,76
-1,24;0,79;7,24
-1,29;0,99;6,9
-1,24;1,2;6,74
-1,12;1,3;6,71
-0,89;1,34;6,21
-1,07;1,97;7,4
-1,06;2,14;8
-1,11;2,13;8,62
-0,93;2,52;9,75
-0,96;2,54;9,83
-0,92;2,61;9,77
-0,87;2,55;9,85
-0,93;2,51;10,28
-0,97;2,48;10,44
-1,33;2,47;11,1
-1,5;2,61;12,25
-1,61;2,54;12,96
-1,4;2,39;13,43
-1,18;1,85;14,26
-1,64;1,47;14,63
-1,61;1,98;13,68
-1,13;1,24;12,43
-0,83;0,87;11,43
-0,55;0,83;10,52
-0,22;0,96;9,98
0,15;0,99;9,67
0,44;0,9;9,12
0,43;0,8;8,43
0,16;0,74;7,71
-0,24;0,82;7,26
-0,56;0,92;6,88
-0,69;1,02;6,76
-0,64;1,07;7,06
-0,58;1,22;7,43
-0,48;1,37;7,77
-0,34;1,47;8,03
-0,25;1,55;8,18
-0,15;1,7;8,26
-0,12;1,76;8,2
-0,05;1,74;8,05
0,11;1,71;7,94
0,21;1,49;8,05
0,35;1,23;8,57
0,42;0,96;9,23
0,4;0,92;9,83
0,34;0,76;10,63
0,36;0,47;11,35
0,63;0,09;12,59
1,05;-0,44;13,67
1,09;-0,91;14,61
0,98;-1,24;15,05
0,78;-1,55;15,22
0,57;-1,62;15,17
0,32;-1,44;14,32
0,17;-1,3;13,01
0,23;-1,28;11,26
0,34;-1,31;9,77
0,51;-1,35;8,75
0,63;-1,36;8,23
0,64;-1,43;8,03
0,66;-1,47;7,98
0,62;-1,65;8,17
0,56;-1,98;8,39
0,44;-2,13;8,69
0,34;-2,2;8,99
0,35;-2,26;9,35
0,33;-2,26;9,62
0,22;-2,16;10,01
0,21;-1,98;10,37
0,28;-1,74;10,49
0,27;-1,53;10,37
0,21;-1,41;9,84
0,04;-1,35;9,54
-0,22;-1,18;10,03
-0,38;-0,86;11,18
-0,71;-0,46;12,45
-0,95;0,08;13,33
-1,27;0,57;13,46
-1,37;0,97;12,84
-1,32;1,16;11,68
-1,25;1,23;10,39
-1,2;1,24;9,5
-1,16;1,41;8,97
-1,13;1,56;8,91
-1,05;1,69;9,01
-1,13;1,81;9,04
-1,2;1,92;9,15
-1,3;2,02;9,08
-1,27;2,08;9,02
-1,15;2,25;8,98
-0,98;2,4;8,92
-0,76;2,46;8,9
-0,57;2,47;8,91
-0,42;2,49;9,18
-0,31;2,48;9,67
-0,22;2,57;10,07
-0,21;2,65;10,17
-0,27;2,6;10,13
-0,27;2,48;10,61
-0,14;2,41;11,54
-0,1;2,38;12,38
-0,11;2,32;12,83
-0,22;2,34;12,48
-0,33;2,34;11,49
-0,47;2,32;10,52
-0,64;2,38;9,78
-0,71;2,41;9,61
-0,7;2,38;9,61
-0,79;2,33;9,59
-0,84;2,27;9,41
-0,91;2,18;9,06
-1;2,08;8,73
-1,07;1,99;8,52
-1,18;1,93;8,18
-1,25;1,85;7,9
-1,41;1,82;7,68
-1,44;1,91;7,61
-1,42;1,92;7,65
-1,36;1,95;7,71
-1,27;1,93;7,89
-1,14;2;8,03
-1,04;2,09;8,21
-1,01;2,14;8,32
-0,97;2,16;8,53
-0,74;2,1;8,79
-0,52;2,11;9,15
-0,23;2,03;9,68
-0,08;1,95;10,33
0,09;1,9;11,36
0,36;1,76;12,38
0,57;1,53;13,36
0,65;1,3;14,42
0,44;1,49;15,05
0,09;1,94;14,67
-0,03;1,99;13,43
0,2;1,76;11,65
0,59;1,52;10,11
1,08;1,42;9,23
1,47;1,5;8,69
1,62;1,62;8,31
1,43;1,63;7,91
1,02;1,63;7,42
0,6;1,63;6,91
0,26;1,69;6,64
0,05;1,84;6,52
0,05;1,98;6,5
-0,04;2,1;6,69
-0,01;2,22;7,04
-0,06;2,38;7,45
-0,19;2,51;7,81
-0,36;2,64;8,09
-0,53;2,85;8,27
-0,7;2,9;8,42
-0,72;2,97;8,67
-0,67;2,99;9,25
-0,6;2,83;10,25
-0,46;2,68;11,58
-0,41;2,55;13
-0,26;2,14;14,25
-0,12;1,66;15,16
-0,16;1,54;15,55
-0,47;1,58;14,97
-0,67;1,37;13,64
-0,73;1,14;11,9
-0,79;0,93;10,3
-0,72;0,79;9,25
-0,64;0,71;8,8
-0,63;0,69;8,81
-0,71;0,72;8,94
-0,85;0,75;8,83
-0,96;0,75;8,52
-0,97;0,7;8,03
-0,92;0,77;7,6
-0,87;0,82;7,29
-0,84;0,89;7,11
-0,78;0,96;7,11
-0,8;1,13;7,27
-0,84;1,27;7,51
-0,86;1,51;7,74
-0,86;1,71;7,95
-0,9;2;8,1
-0,88;2,23;8,26
-0,66;2,2;8,6
-0,53;2,06;9,18
-0,48;1,82;10,22
-0,37;1,62;11,39
-0,34;1,53;12,45
-0,48;1,47;12,89
-0,25;1,22;13,22
-0,01;0,93;13,38
-0,05;1,76;13,32
-0,17;2,13;11,74
-0,69;1,77;10,3
-0,57;1,8;9,53
-0,51;2,34;9,53
-0,11;2,69;9,7
0,01;2,71;9,64
-0,11;2,9;9,17
-0,24;2,9;8,44
-0,38;2,9;7,71
-0,49;2,86;7,42
-0,57;2,75;7,24
-0,66;2,6;7,28
-0,66;2,54;7,49
-0,58;2,49;7,79
-0,57;2,24;8,17
-0,43;2,04;8,34
-0,27;1,81;8,57
-0,17;1,71;8,75
-0,09;1,76;8,99
0,05;1,67;9,17
0,06;1,64;9,62
0,19;1,68;10,07
0,28;1,75;10,64
0,24;1,67;11,44
0,19;1,6;12,59
0,4;1,47;13,42
0,46;1,2;13,75
0,36;1,05;13,26
0,03;0,95;12,31
-0,33;0,78;11,2
-0,44;0,75;10,66
-0,44;0,73;10,62
-0,17;0,73;10,81
0,03;0,71;10,75
0,04;0,66;10,23
-0,02;0,59;9,34
#END#1363775910
-0,24;0,49;8,39
-0,55;0,53;7,57
-0,73;0,7;7,03
-0,68;0,98;6,83
-0,39;1,28;6,86
-0,22;1,46;7,11
-0,14;1,46;7,42
-0,09;1,37;7,88
-0,09;1,34;8,49
-0,07;1,33;9,34
0,26;1,24;10,18
0,44;1,19;10,9
0,53;1,13;11,4
0,53;1,14;11,75
0,56;1,13;12,25
0,66;1,09;12,8
0,82;0,87;13,48
1,01;0,84;14,01
0,95;1,07;13,69
0,65;1,11;12,47
0,35;1,08;10,86
0,25;0,82;9,51
0,43;0,79;8,63
0,72;0,83;8,38
1,09;0,9;8,47
1,38;0,88;8,49
1,3;1,08;8,34
1,02;1,12;8,09
0,73;1,16;7,96
0,53;1,24;7,97
0,54;1,36;7,84
0,57;1,35;7,91
0,69;1,5;8,14
0,78;1,77;8,26
0,78;1,84;8,48
0,76;1,8;8,72
0,82;2,09;8,86
0,75;2,12;8,94
0,67;2,15;9,01
0,67;2,23;9,08
0,65;2,3;9,25
0,58;2,36;9,44
0,54;2,35;9,7
0,49;2,05;10,76
0,71;1,79;12,33
0,94;1,58;13,51
1,07;1,62;13,54
0,77;1,67;12,29
0,28;1,39;10,39
-0,18;1,51;9,19
-0,57;1,5;8,91
-0,55;1,59;9,33
-0,2;1,39;9,96
0,04;1,33;10,57
0,35;1,19;10,87
0,35;0,99;10,54
0,18;0,85;9,84
0,05;0,89;9,05
0,03;0,87;8,43
0,07;0,94;8,01
0,15;1,08;7,77
0,32;1,22;7,82
0,4;1,35;7,99
0,49;1,47;8,21
0,55;1,56;8,46
0,6;1,67;8,5
0,57;1,67;8,41
0,52;1,69;8,55
0,52;1,73;8,77
0,61;1,66;9,12
0,69;1,56;9,65
0,67;1,45;10,4
0,65;1,47;11,43
0,73;1,44;12,45
0,87;1,27;13,28
1;1,27;13,69
0,84;1,32;13,31
0,77;1,27;12,55
0,82;1,19;11,75
1,13;0,96;11,15
1,65;0,78;10,89
2,17;0,77;10,55
2,58;0,83;9,94
2,56;0,9;8,98
2,24;1,02;8,13
2;1,14;7,48
1,76;1,32;7,14
1,73;1,55;7,16
1,79;1,7;7,23
1,72;1,71;7,6
1,7;1,68;8,02
1,64;1,66;8,42
1,6;1,7;8,76
1,58;1,77;9,02
1,57;1,9;9,1
1,56;2,08;9,03
1,48;2,23;9,01
1,36;2,32;8,87
1,22;2,41;8,94
1,09;2,38;9,09
1,01;2,32;9,44
1,12;2,14;9,95
1,26;2,27;10,6
2,23;3,1;11,14
1,55;1,91;11,75
1,73;2,25;12,83
1,64;1,84;13,39
1,4;1,48;13,52
1,35;1,55;12,76
0,95;1,31;11,36
0,36;0,95;9,65
-0,04;1;8,62
-0,12;0,98;8,06
-0,14;0,89;8,12
0,18;0,84;8,52
0,41;1,07;9,17
0,56;1,25;9,97
0,55;1,25;10,01
0,58;1,23;9,71
0,49;1,28;9,09
0,54;1,37;8,39
0,54;1,51;8,03
0,6;1,64;7,98
0,89;1,58;8,18
1,01;1,67;8,56
1,13;1,7;8,78
1,2;1,63;8,94
1,3;1,65;8,94
1,41;1,74;8,98
1,44;1,79;9,07
1,49;1,69;9,09
1,56;1,54;9,22
1,57;1,48;9,39
1,58;1,24;9,54
1,6;1,02;10,29
1,73;1,02;11,31
1,58;0,98;11,89
1,32;0,77;11,17
0,99;0,39;9,8
0,8;0,08;8,75
0,89;-0,34;8,56
1,28;-0,65;8,44
1,68;-0,82;8,68
1,82;-0,85;9,06
1,77;-0,78;9,27
1,64;-0,74;9,27
1,56;-0,76;9,2
1,69;-0,77;8,89
1,78;-0,72;8,66
1,75;-0,7;8,61
1,68;-0,77;8,76
1,67;-1,01;9,06
1,67;-1,32;9,27
1,53;-1,54;9,24
1,51;-1,77;8,75
1,48;-2,08;8,23
1,38;-2,14;8,19
1,09;-1,88;8,39
0,82;-1,63;8,98
0,49;-1,57;9,84
0,46;-1,52;10,73
0,53;-1,38;11,17
0,44;-1,28;11,11
0,49;-1,43;10,64
0,52;-1,66;10
0,5;-1,76;9,55
0,54;-1,79;9,32
0,69;-1,89;9,25
1;-2,05;9,36
1,32;-2,28;9,51
1,64;-2,32;9,81
1,7;-2,32;10,32
1,79;-2,32;10,76
1,72;-2,34;10,94
1,52;-2,5;10,92
1,16;-2,76;10,79
0,84;-3,06;10,67
0,61;-3,25;10,69
0,7;-3,34;10,64
1,13;-3,31;10,38
1,75;-3,25;10,04
2,44;-3,22;9,76
3,04;-3,18;9,5
3,48;-3,12;9,27
3,67;-3,16;9,05
3,62;-3,16;8,63
3,49;-3,22;8,43
3,43;-3,33;8,41
3,41;-3,5;8,48
3,28;-3,73;8,54
3,05;-3,97;8,52
2,56;-4,23;8,49
1,96;-4,17;8,61
2,06;-4,02;8,81
2,3;-3,83;8,9
2,73;-3,65;8,99
3,17;-3,51;9,04
3,41;-3,35;9,37
3,58;-3,28;9,67
3,56;-3,48;9,53
3,28;-3,73;9,11
2,72;-3,95;8,61
2,15;-4,07;8,28
1,74;-4,15;8,34
1,69;-4,14;8,47
1,83;-4,11;8,5
2,06;-4,07;8,31
2,29;-3,93;8,22
2,54;-3,83;8,21
2,77;-3,73;8,29
2,98;-3,58;8,19
2,93;-3,39;8,04
2,88;-3,34;7,91
2,87;-3,36;7,91
2,85;-3,31;7,91
2,81;-3,22;8,07
2,87;-3,25;8,06
2,96;-3,27;8,13
3,04;-3,32;8,22
3,16;-3,38;8,26
3,25;-3,5;8,32
3,26;-3,56;8,38
3,3;-3,63;8,45
3,44;-3,7;8,44
3,5;-3,8;8,57
3,55;-4,02;8,77
3,53;-4,32;8,93
3,32;-4,58;9,17
3,27;-4,74;9,62
3,3;-4,89;10,33
3,44;-4,97;11,06
3,58;-5,05;11,49
3,8;-5,08;11,5
3,92;-5,03;11,08
3,8;-4,87;10,45
3,63;-4,7;9,98
3,44;-4,57;9,69
3,22;-4,48;9,51
3,02;-4,29;9,45
2,86;-4,14;9,46
2,75;-3,99;9,36
2,69;-3,77;9,35
2,83;-3,7;9,23
3,02;-3,59;9,23
3,06;-3,51;9,23
2,82;-3,51;9,13
2,59;-3,53;8,97
2,48;-3,44;9,03
2,7;-3,3;9,21
2,99;-3,22;9,33
3,18;-3,18;9,24
3,15;-3,1;9,18
3,1;-3,01;9,11
3,02;-2,84;9,19
2,83;-2,61;9,23
2,73;-2,38;9,01
2,64;-2,1;8,68
2,36;-1,73;8,32
2,14;-1,4;8,1
1,8;-0,94;8,01
1,42;-0,61;8,03
1,22;-0,21;7,88
0,9;0,39;8,01
0,49;0,93;8,19
0,28;1,04;8,49
0,01;1,29;8,86
-0,29;1,61;9,16
-0,29;1,39;9,7
-0,73;1,7;9,94
-0,64;1,98;10,32
-0,58;1,44;10,62
0,08;1,4;10,39
-0,3;0,58;10,19
-0,41;1,15;10,2
-0,67;1,08;9,39
-0,79;1,3;8,9
-1,01;1,39;8,48
-1,17;1,42;8,47
-1,3;1,52;8,6
-1,48;1,7;8,71
-1,47;1,82;8,98
-1,38;1,89;9,22
-1,32;2,06;9,41
-1,31;2,22;9,63
-1,31;2,31;9,69
-1,24;2,38;9,5
-1,21;2,4;9,02
-1,3;2,38;8,57
-1,34;2,38;8,22
-1,43;2,38;8,06
-1,49;2,44;8,07
-1,52;2,52;8,15
-1,55;2,51;8,32
-1,64;2,53;8,63
-1,54;2,55;9,35
-1,45;2,63;10,19
-1,28;2,65;10,49
-0,94;2,62;10,46
-0,61;2,67;10,33
-0,24;2,8;10,21
0,03;2,72;10,55
0,16;2,6;10,96
0,23;2,53;10,98
0,34;2,4;10,5
0,44;2,34;9,73
0,67;2,32;9,02
0,73;2,36;8,64
0,88;2,56;8,54
0,99;2,65;9
0,86;2,71;9,46
0,66;2,62;9,83
0,7;2,14;9,01
0,78;2,76;9,53
0,79;2,66;9,18
0,99;2,7;8,79
1,05;2,76;8,26
1,17;2,82;8,03
1,03;2,78;7,88
0,79;2,83;7,73
0,6;2,58;7,65
0,57;2,4;7,72
0,53;2,39;7,74
1,36;2,56;6,96
1,48;1,52;7,39
1,6;1,15;6,31
2,15;0,42;6,63
2,58;0,74;6,53
3,5;0,96;7,09
4,56;0,43;6,38
5,56;0,07;6,16
6,05;-0,18;7,06
7,49;-0,76;8,46
8,5;-1,58;8,24
9,2;-1,88;8,09
9,42;-1,13;9,8
9,08;-0,94;10,2
10,12;-1,55;9,97
11,15;-1,21;8,6
11,28;-1,01;8,72
11,47;-0,19;8,29
12,27;0,86;7,56
12,61;1,67;6,92
12,05;2,79;6,2
11,2;3,15;4,48
10,2;3,77;2,23
8,23;2,39;0,64
6,99;0,79;-1,22
7,17;-1,09;-1,08
6,75;-4,33;-0,05
7,89;0,58;-0,14
9,15;-1,02;4,05
8,94;-1,46;6,68
10,02;-1,19;5,53
10,53;0,6;4,19
10,39;1,54;0,29
10,12;0,78;1,76
9,66;-0,2;1,14
9,14;-1,12;0,42
9,04;-1,23;0,58
8,03;1,52;1,31
10,1;-0,2;1,64
10,29;1,37;2,7
12,08;1,73;2,8
11,95;0,63;0,55
13,04;0,65;-1,95
13,48;0,36;-3,04
12,48;3,42;-2,78
8,56;3,32;-4,14
7,49;-2,45;-6,08
7,33;-7,54;-4,66
1,63;-9,31;1,7
-1,24;-9;-3,04
-0,54;-8,5;-4,31
2,07;-8,94;-1,55
4,17;-10,39;-1,45
3,03;-13,92;0,1
2,3;-16,73;-1,78
0,45;-18,13;-0,75
0,99;-12;-0,31
2,11;-9,07;-1,37
2,21;-7,95;-1,34
2,23;-7,03;-1,68
3,18;-6,45;-2,03
3,37;-6,03;-2,4
3,56;-6,03;-2,67
3,58;-5,32;-3,05
3,99;-5,36;-3,64
4,24;-5,81;-4,73
4,83;-6,21;-5,13
5,59;-7,34;-5,33
5,6;-9,99;-5,94
4,22;-11,33;-5,73
3,16;-9,21;-6,09
3,16;-9,49;-6
4,79;-14,49;-3,34
5,8;-17,01;3,59
2,42;-12,68;3,78
1,2;-6,14;-3,24
2,49;-2,48;2,53
1,59;-4,96;6,55
2,68;-7,2;3,8
5,53;-7,13;1,82
5,99;-10,71;-1,18
4,07;-10,3;-1,92
1,87;-9,49;0,26
1,15;-9,17;0,54
1,58;-9,83;0,54
2,44;-10,07;0,77
2,8;-9,83;2,2
3,95;-8,59;2,57
4,87;-7,81;1,86
3,96;-7,61;0,91
3,24;-7,82;1,21
2,91;-8,38;1,24
2,51;-8,65;0,79
2,57;-8,58;0,33
3,16;-8,74;0,33
3,9;-9,24;0,26
4,14;-9,77;-0,44
3,84;-10,15;-0,98
3,95;-10,52;-1,01
3,69;-11,3;-1,5
3,25;-11,74;-2,23
3,17;-12,54;-1,3
#END#1363775923
-0,36;-4,86;2,46
-4,16;-6,85;0,32
0,88;-12,73;7,35
4,86;-12,07;2,81
4,81;-9,78;0,18
0,97;-9,7;1,17
1;-8,71;-0,44
1,37;-7,67;-1,19
2,02;-7,62;0,31
1,99;-7,63;0,39
1,49;-7,92;-0,53
1,2;-8,17;-1,05
0,69;-8,45;-0,86
0,63;-8,81;-0,75
1,37;-8,85;-0,46
2,38;-8,82;-0,34
2,15;-9,54;-0,66
2,06;-10,24;-1,36
3,3;-10,83;-1,12
4,23;-12,15;-0,62
3,71;-12,75;-2,24
4,07;-13;-1,49
4,6;-12,72;-0,73
4,52;-12,58;-0,77
-2,09;-15,27;0,34
-2,9;-15,57;-0,69
-1,22;-14,52;-0,92
1,23;-15,12;-1,65
3,57;-14,23;-1,19
3,14;-11,48;0,21
1,91;-8,94;2,18
0,87;-8,04;2,53
0,12;-6,35;2,89
-0,14;-4,9;2,41
-0,81;-3,89;1,43
-1,29;-2,79;0,3
-1,88;-2,39;-0,03
-1,93;-2,49;-0,22
-1,38;-3,36;-1,4
-0,32;-6,45;-4,94
1,38;-12,35;-9,07
3,37;-15,95;-11,97
4,51;-14,85;-12,88
4,91;-10,07;-8,55
3,28;-6,28;-6,96
4,3;-8,84;-4,62
4,48;-14,18;-1,44
2,79;-15,54;-1,6
-1,35;-6,31;1,17
-6,97;-2,32;0,24
-8,36;-6,06;-1,59
-1,24;-11,35;6,78
4,74;-13,77;3,28
7,57;-8,95;0,38
3,77;-9,8;0,93
1,32;-8,78;0,17
0,53;-7,26;-0,26
1,28;-7,35;-0,36
2,23;-7,56;0,76
1,85;-7,41;0,77
1,45;-8,03;0,42
1,42;-8,36;0,73
0,56;-8,83;-0,33
0,62;-9,73;-0,64
1,65;-9,74;-0,73
1,71;-10,02;-0,8
0,98;-10,49;-1,24
2,87;-11,05;-0,89
5,12;-11,93;-0,27
5,05;-12,59;-1,55
4,6;-12,37;-1,99
4,49;-12,22;-0,96
3,57;-11,84;-0,87
1,13;-12,87;-2,08
-2,35;-14,94;-0,72
-3,76;-16,12;0,15
-3,08;-15,83;-0,13
-1,1;-15,29;-2,64
1,21;-14,69;-2,3
2,15;-12,91;-0,76
1,18;-10,23;0,93
0,11;-7,99;1,66
-0,59;-6,89;2,54
0,31;-4,87;2,14
0,01;-4,14;1,48
-0,17;-3,29;1,84
-1,7;-2,12;1,1
0,37;-14,44;-1,14
2,91;-14,6;-0,84
3,17;-12,61;0,91
1,9;-9,55;1,47
0,53;-7,94;2,13
-0,64;-6,15;2,39
-0,86;-5,07;2,29
-1,22;-3,75;1,23
-1,41;-2,64;1,3
-1,48;-1,87;1,61
-1,96;-1,81;1,25
-1,96;-2,09;0,55
-1,45;-3,45;-0,74
-0,33;-7,8;-6,88
2,01;-13,66;-10,85
4,65;-16,06;-13,91
4,05;-14,22;-12,98
3,67;-11,36;-7,61
1,84;-7,64;-6,75
2,3;-9,41;-6,28
1,55;-13,58;-2,36
-1;-16,5;-1,75
-3,24;-8,48;-1,14
-6,35;-3,17;-0,65
-4,44;-4,43;-0,84
0,47;-10,67;6,84
6,15;-14,4;3,05
8,35;-10,66;1,79
4,85;-9,18;1,91
1,35;-8,94;1,16
-0,33;-7,28;-0,31
0,11;-6,94;0,09
0,61;-7,04;-0,05
0,75;-7,19;0,39
0,81;-7,36;0,52
1,28;-7,67;1,08
1,25;-8,16;0,86
1,57;-9,25;-0,11
3,23;-9,58;-0,32
3,49;-10,01;-0,4
2,2;-10,64;-1,15
3,16;-11,48;-1,06
4,61;-12,73;-0,53
4,51;-13,5;-1,38
4,48;-14,7;-0,32
3,83;-13,55;-0,21
1,73;-12,19;-2,24
-3,28;-15,43;-0,55
-3,71;-16,39;-0,6
-1,92;-15,46;-1,1
0,18;-14,72;-1,23
2,02;-13,62;-1,1
2,11;-10,58;0,26
1,42;-8,16;1,48
0,62;-7,41;2,28
0,93;-4,98;2,36
0,78;-4,2;1,87
0,19;-3,61;1,52
-0,65;-2,56;1,21
-1,65;-1,96;0,45
-1,81;-2,12;-0,67
-0,74;-3,21;-2,95
0,91;-5,79;-6,21
2,32;-8,24;-9,11
1,52;-11,43;-12,29
1,59;-12,79;-10,98
1,27;-13,91;-7,59
1,85;-11,05;-8,17
0,91;-6,09;-9,49
-0,06;-7,32;-3,83
-2,65;-13,43;-1,13
-1,87;-16,48;-1,45
-0,43;-7,77;1,58
-1,34;-4,05;2,08
1,99;-11,21;6,15
6;-12,87;3,28
5,26;-10,23;2,07
1,85;-9,09;-0,38
-0,08;-7,14;-0,95
-0,26;-6,6;-0,87
0,81;-7,24;-0,43
1,49;-7,89;-0,04
1,51;-8,03;-0,04
1,22;-7,81;0,33
1,25;-7,92;0,44
1,9;-8,91;-0,06
3,19;-9,53;-0,94
3,3;-9,64;-0,56
2,18;-10,3;-1,01
2,6;-10,52;-1,76
4,14;-11,7;-0,87
3,77;-13,64;-1,98
3,72;-13,38;-2,35
4,15;-12,96;-1,23
4,08;-11,66;-0,68
2,88;-12,6;-1,51
0,2;-14,77;1,9
-1,46;-15,84;1,81
-1,48;-15,34;-1,07
-0,05;-14,83;-2,26
1,77;-14,58;-0,94
2,03;-13,19;0,26
1,03;-10,56;1,97
0,16;-8,93;2,84
-0,17;-7,58;2,71
0,14;-5,72;2,7
0,44;-4,18;2,3
-0,51;-3,2;1,54
-1,84;-1,69;1,07
-2,18;-1,78;1,45
-1,3;-2,7;0,41
-0,57;-5,76;-4,67
1,16;-11,51;-9,69
3,51;-15,52;-13,16
4,28;-16,5;-13,39
4,96;-11,27;-9,39
3,13;-5,78;-7,44
3,5;-6,64;-6,33
3,37;-13;-2,38
1,12;-16,26;-1,09
-1;-8,74;-0,4
-4,74;-1,94;1,88
-6,28;-0,17;0,7
-1,83;-6,59;4,1
4,06;-13,06;6,93
6,96;-12,37;3,08
3,91;-9,82;0,86
1,01;-8,71;-0,95
-0,21;-7,07;0,73
0,66;-7,23;1,36
1,06;-7,77;1,67
0,82;-7,85;0,97
0,38;-7,91;0,46
0,56;-8,26;0,65
0,16;-8,67;0,18
1,2;-9,55;-0,22
2,62;-9,51;-0,54
2,44;-10,02;-1,17
1,51;-10,4;-1,84
3,34;-10,9;-1,33
5,5;-11,93;-0,74
5,21;-12,68;-2,38
4,36;-12,35;-1,88
3,86;-11,99;-1,11
3,02;-11,02;-1,19
0,95;-13,52;-0,35
-1,9;-15,98;0,57
-3,89;-16,34;-0,34
-2,94;-15,69;-1,02
-0,32;-14,8;-1,64
2,28;-14,68;-1,01
2,76;-12,26;0,71
1,47;-9,52;0,46
0,34;-7,88;1,74
-0,33;-6,51;3,51
-0,05;-4,85;2,95
-0,66;-4,11;1,67
-1,49;-2,99;1,27
-1,93;-2,4;1,38
-1,9;-2,06;1,13
-1,73;-2,4;0,66
-1,39;-3,55;-0,55
-0,21;-7,34;-6,7
3,15;-13,44;-11,05
5;-16,48;-14,82
4,02;-13,07;-12,81
2,92;-7,42;-7,53
0,57;-7,48;-5,02
1,34;-12,4;-4,41
1,25;-15,96;-2,41
1,81;-10,6;-2,7
-2,41;-2,98;1,79
-5,98;-1,07;-1,09
-3,97;-7,99;2,86
2,17;-13,69;6,85
5,89;-12,51;2,35
5,25;-9,85;1,2
2,18;-9,81;1,87
0,27;-8,82;-0,2
0,04;-7,25;-0,04
0,89;-7,01;-0,43
1,27;-7,3;0,43
0,97;-7,38;0,6
0,96;-7,67;0,62
0,85;-8,1;0,35
0,46;-8,83;-0,22
1,29;-9,64;-0,39
2,61;-9,56;-0,55
2,49;-10,03;-1,02
1,52;-10,7;-2,02
2,5;-10,91;-1,82
4,42;-12,12;-0,34
#END#1363775934
-7,37;-6,5;-1,47
0,34;-13,01;5,6
4,41;-12,95;4,24
5,01;-8,79;0,61
1,91;-8,58;-0,11
0,53;-7,88;-0,72
0,95;-7,7;1,19
2,16;-8,01;1,75
2,15;-8,35;0,34
1,53;-7,81;-0,08
1,16;-8,21;0,08
0,88;-8,52;0,3
0,73;-9,11;0,31
2,01;-9,39;0,64
2,86;-9,19;0,42
2,34;-9,49;-1
1,58;-10,08;-1,7
2,97;-10,86;-1,04
4,78;-11,63;0,08
2,66;-12,7;-1,22
1,93;-12,6;-1,13
1,3;-12,39;-1,84
-1,09;-13,2;-2,25
-3,73;-14,4;-0,24
-4,55;-15,77;-0,03
-2,52;-14,49;-0,18
-0,93;-14,14;-2,14
1,17;-13,96;-1,96
1,28;-13;0,36
0,25;-10,23;0,86
0,11;-8,25;2,1
0,38;-6,44;1,02
0,33;-5,07;0,99
-0,22;-4,01;0,9
-0,36;-3,19;0,94
-0,69;-2,15;0,65
-1,18;-1,9;0,28
-0,87;-2,4;-0,04
-0,03;-3,8;-0,56
1,39;-5,86;-2,67
2,94;-9,97;-8,39
4,54;-16,58;-14,47
3,42;-13,54;-9
1,33;-8,77;-7,06
-0,21;-11,19;-4,89
0,3;-15,36;-1,97
-0,01;-12,98;-3,18
-0,38;-6,53;0,98
-3,64;-2,36;4,57
-6,04;-4,7;0,81
-1,91;-12,11;5,9
4,37;-13,47;4,15
5,6;-9,62;1,59
2,89;-8,74;0,47
0,71;-8,6;0,77
0,95;-8,01;0,05
1,99;-7,97;0,15
2,68;-8,26;0,66
2,04;-7,78;0,7
1,32;-7,72;0,3
1,48;-8,05;0,02
1,48;-8,23;0,29
0,83;-8,73;0,77
1,94;-9,43;0,69
3,39;-9,57;-0,08
2,91;-9,94;-1,24
2,35;-10,2;-1,52
3,66;-11,04;-0,96
4,64;-12,12;-0,77
4,08;-12,9;-1,73
3,18;-13,87;-1,01
2,83;-13,02;-0,84
1,72;-12,26;-1,61
-1,61;-12,35;-3,93
-4,31;-14,06;-0,57
-4,49;-15,85;0,47
-2,32;-14,14;0,14
-0,86;-13,68;-1,78
1,02;-13,37;-1,74
1,62;-11,87;-0,11
0,85;-9,49;1,59
0,56;-7,91;1,6
0,51;-5,67;0,59
0,43;-4,41;0,58
0,03;-3,96;0,33
-0,47;-3,3;0,08
-1,23;-2,69;-0,29
-1,6;-2,64;-0,53
-1,43;-3,56;-0,69
-0,54;-5,21;-1,24
1,02;-7,33;-3,49
2,6;-10,76;-9,7
3,77;-15,15;-12,8
5,51;-14,95;-12,98
3,54;-10,9;-6,83
1,6;-7,3;-8,54
0,65;-12,23;-4,28
0,23;-15,88;0,19
-0,11;-11,5;-6,44
-2,11;-3,47;1,74
-5,31;-1,15;1,89
-4,13;-6,12;-0,1
-0,25;-12,82;5,98
4,42;-13,71;0,24
4,6;-11,08;-0,58
2,71;-9,86;1,18
1,46;-8,83;1,3
1,79;-7,74;0,65
2;-8,5;0,04
1,56;-8,5;-0,45
0,88;-8,37;-0,29
0,81;-8,39;-0,3
1,47;-8,83;-0,92
1,93;-9,38;-1,05
2,19;-9,17;-0,63
2,57;-8,94;-0,85
2,63;-9,51;-2,09
2,64;-9,71;-3,15
3,21;-9,39;-2,47
3,84;-9,28;-0,97
3,54;-9,6;-0,57
2,11;-10,73;-0,77
0,77;-11,68;-1,58
-0,94;-12,12;0,04
-2,72;-12,03;0,2
-3,18;-12,29;-0,64
-1,24;-12,25;0,01
0,66;-11,45;1,24
1,58;-10,27;1,06
1,03;-9,74;0,79
-0,72;-9,31;-0,56
0,29;-3,98;-0,44
-0,13;-4,05;-1,88
0,18;-4,5;-2,89
1,11;-5,76;-5,33
1,91;-8,57;-8,26
3,22;-13,3;-10,55
4,03;-15,69;-10,68
2,94;-13,73;-8,91
2,07;-8,95;-9,67
1,1;-11,14;-6,65
0,57;-15,33;-2,35
0,71;-11,39;-2,91
-1;-6,59;-0,11
-4,87;-3,64;2,23
-5,29;-7,14;-1,31
1,18;-12,58;4,13
5,46;-12,35;3,62
5,64;-9,7;1,22
2,71;-8,72;0,46
0,2;-8,94;1,02
0,49;-7,97;-0,37
1,64;-7,95;-0,77
2,07;-7,96;-1,34
1,71;-7,49;-0,15
1,11;-7,58;-0,3
1,54;-7,97;-0,3
1,47;-8;0,11
0,98;-8,55;0,15
1,34;-9,35;0,13
2,46;-9,12;-0,1
2,28;-9,62;-0,41
1,16;-9,89;-1,33
2,16;-10,45;-1,25
3,5;-11,34;-0,51
3,07;-12,83;-1,22
3,69;-13,58;-0,57
4,3;-12,83;-0,47
2,89;-12,57;0,13
0,46;-13,09;-1,41
-3,2;-15,87;0,6
-2,03;-15,33;-0,27
0,03;-14,45;-0,97
1,42;-14,09;-0,92
0,86;-11,2;0,69
0,5;-9,14;1,58
0,34;-7,19;2,41
0,8;-5,67;3,02
0,55;-4,47;1,07
-0,74;-3,66;1,92
-1,84;-3,26;1,84
-2,27;-2,55;1,2
-1,94;-2,44;0,66
-1,13;-3,07;-0,04
-0,34;-4,06;-1,23
0,7;-6,39;-5,77
3,21;-10,76;-10,35
6,19;-15,15;-14,48
6,19;-16,23;-13,81
5,08;-10,79;-10,25
1,32;-4,93;-7,24
-0,46;-8,61;-2,53
-1,5;-14,07;-2,62
1,17;-13,01;-7,5
-1,06;-4,32;3,3
-4,55;-0,89;2,63
-3,92;-5,32;0,34
-1,02;-12,43;6,43
4,12;-14,55;1,87
5,53;-10,77;0,79
3,79;-9,54;2,65
1,49;-9,88;2,26
0,58;-7,9;-0,84
0,29;-7;-1,07
0,78;-7,23;-0,5
0,79;-7,08;-0,32
0,72;-7,11;-0,26
1,23;-7,75;0,58
1,08;-8,28;0,61
0,66;-8,53;-0,15
2,13;-9,49;-0,52
3,88;-9,63;-0,14
3,37;-9,76;-0,62
3,05;-10,2;-1,4
4,07;-10,89;-1,56
4,3;-12,44;-0,27
3,72;-13,68;-0,56
4,87;-14,1;-0,13
4,45;-13,38;0,06
2,47;-11,98;-0,95
-1,52;-12,46;-2,01
-3,77;-14,71;0,25
-2,72;-15,59;0,7
-0,46;-14,73;0,34
1,2;-15,3;-2,47
2,84;-14,9;-1,24
2,95;-12,75;0,94
3,27;-9,42;2,37
2,15;-7,98;1,47
0,6;-6,36;3,08
0,24;-5,03;2,73
-0,72;-4,27;1,72
-1,08;-3,69;0,99
-1,3;-2,83;0,26
-1,73;-2,27;0,44
-1,55;-3,13;-0,77
-0,98;-4,94;-3,59
0,49;-9,26;-8,16
1,95;-14,39;-12,37
2,97;-16,96;-13,14
4,07;-12,71;-9,08
3,3;-7,27;-8,35
4,12;-10,22;-5,78
4,19;-14,87;-2,07
4,15;-12,43;-2,62
-0,11;-3,38;2,91
-6,7;-0,08;0,26
-6,56;-6,53;0,11
-0,65;-12,84;6,77
3,88;-13,42;1,59
-4;-8,29;6,2
6,42;-11,42;1,47
4,74;-9,28;0,9
1,02;-9,85;1,57
0,21;-8,38;-0,39
0,49;-7,5;-0,57
1,47;-7,36;0,32
1,7;-7,1;0,78
1,33;-7,39;0,19
1,38;-7,63;0,07
1,26;-7,91;0,46
0,87;-8,41;0,2
2,06;-9,46;-0,27
3,51;-9,52;-0,45
2,95;-10,14;-0,56
1,59;-10,99;-1,64
3,09;-11,74;-1,54
4,58;-12,92;-0,76
4,72;-13,54;-2,08
4,93;-13,92;-0,61
4,78;-13,17;-0,27
2,83;-12,15;-1,34
-1,01;-13,5;-0,62
-3,35;-15,16;0,79
-2,87;-15,69;0,38
-0,9;-15,48;-1,06
1,21;-16,23;-1,85
2,75;-14,27;-0,82
2,09;-11,23;1,32
1,59;-8,7;2,45
0,16;-7,53;2,24
0,31;-5,09;2,73
-0,19;-3,89;2,09
-1,28;-1,99;1,52
-1,63;-1,35;1,39
-1,3;-2,02;0,02
-0,93;-4,12;-2,68
-0,04;-9,64;-9,55
2,18;-14,59;-12,48
3,68;-16,93;-13,69
2,08;-5,08;-7,94
1,42;-6,17;-6,65
3,04;-12,83;-5,48
2,73;-16,18;-1,55
1;-9,16;-0,02
-5,01;-2,02;1,73
-8,18;-0,87;-3,3
-3,3;-7,52;5,45
3,33;-13,52;6,13
6,98;-12,19;1,6
5,63;-9,25;1,25
1,96;-9,21;1,23
0,43;-7,62;-0,49
0,79;-6,7;-0,78
1,73;-7,13;-0,29
1,88;-7,23;0,05
1,05;-7,35;0,07
0,44;-7,91;0,01
0,24;-8,52;-0,34
0,74;-9,51;-0,27
1,89;-9,72;-0,46
2,05;-10,76;-1,32
1,91;-10,94;-1,92
4,42;-11,7;-1,29
5,32;-13,14;-1,8
5,55;-13,05;-2,09
5,79;-13,24;-0,02
4,87;-12,46;-0,2
1,91;-12,76;-2,46
-2,36;-14,99;0,31
-3,8;-16,41;0,85
-3,27;-16,4;0,27
-0,82;-16,65;-1,41
1,77;-16,71;-1,63
2,58;-14,25;-0,07
2,03;-10,97;1,86
#END#1363775944
1,39;-8,63;1,32
0,37;-6,97;3,28
0,2;-4,7;2,81
-0,57;-3,36;1,93
-1,21;-1,99;1,44
-1,29;-1,21;1,09
-1,77;-0,92;1,09
-2,09;-1,5;0,54
-1,45;-2,38;-0,24
-0,78;-4,59;-3,37
0,91;-10,65;-10,1
3,96;-15,09;-12,6
6,34;-15,74;-14,33
5,06;-11,2;-10,07
2,38;-6,21;-8,33
2,78;-7,96;-8,3
3,55;-13,74;-3,28
0,57;-13,55;-0,99
-3,7;-3,08;-0,72
-5,67;-7,16;-0,66
-0,2;-12,22;7,49
5,48;-13,84;2,81
7,45;-10,38;1,67
5,37;-9,6;2,66
2,6;-8,89;2,43
0,97;-7,5;-0,37
0,29;-6,79;-0,37
0,16;-6,51;0,18
-0,21;-6,8;0,6
-0,03;-7,01;0,52
0,14;-7,23;1,02
0,34;-8,45;0,66
1,13;-9,68;-0,33
3,06;-10,14;-0,99
4,06;-10,61;-1,27
3,67;-11,05;-1,86
5,03;-12,2;-1,94
5,07;-13,63;-2,06
5,03;-13,53;-1,87
4,87;-13,78;0,36
3,79;-12,47;0,26
0,79;-13,29;-0,66
-3,12;-15,75;0,67
-4,11;-16,82;-0,12
-3,24;-16,16;-0,3
-0,58;-15,73;-1,49
2,2;-15,83;-1,47
2,84;-13,73;-0,05
2,18;-10,4;2,01
1,41;-8,75;1,63
0,77;-6,45;3,96
0,53;-4,49;3,27
-0,38;-2,95;1,97
-1,03;-1,68;1,79
-1,36;-0,73;1,26
4,02;-11,84;-1,05
-4,19;-17,06;-0,61
-1,91;-16,73;-0,67
1,13;-17,42;-2,42
3,11;-15,37;-0,83
2,93;-12,24;0,39
2,18;-9,49;2,13
0,57;-7,96;2,17
0,1;-5,35;3,18
-0,62;-3,69;2,54
-1,56;-3,01;1,87
-1,74;-1,87;1,65
-1,85;-1,04;1,4
-2,19;-0,71;0,57
-1,62;-1,16;-0,09
-0,87;-2,61;-2,21
-0,46;-7,04;-9,42
1,94;-13,28;-11,62
4,81;-16,41;-14,05
4,05;-11,51;-12,18
2,37;-5,7;-9,49
2,8;-9,05;-6,56
4,76;-14,29;-4,01
4,41;-12,69;-1,03
-0,47;-3,7;2,5
-7,19;-0,32;-0,75
-6,07;-6,66;0,77
-0,58;-13,09;8,87
4,67;-13,62;2,08
5,72;-8,66;0,68
2,73;-9,48;2,55
1,29;-8,79;0,88
0,54;-7,35;-0,79
0,79;-6,68;-1,12
1,03;-6,7;0,1
1,07;-7,19;0,01
1,16;-7,26;0,07
0,73;-7,39;0,63
0,36;-7,96;0,65
1,42;-8,94;-0,23
2,61;-9,96;-1,44
2,66;-10,67;-1,28
2,53;-11,31;-1,14
4,37;-12,04;-1,32
5,42;-13,36;-1,78
5,71;-13,51;-2,74
5,66;-13,46;-1,03
4,98;-12,67;-0,11
2,62;-12,15;-1,81
-1,64;-14,1;0,26
-3,95;-15,5;0,84
-4,42;-15,76;-0,31
-2,17;-16,25;-1,83
1,35;-16,55;-2,59
3,28;-14,05;-0,36
2,85;-10,85;1,31
1,98;-8,91;1,89
0,22;-7,6;1,69
-0,15;-4,91;2,31
-0,61;-4,05;2,44
-1,17;-2,85;1,71
-0,96;-1,87;1,64
-1,56;-1,23;1,63
-1,94;-1,44;1,34
-1,29;-1,98;0,7
-0,37;-4,3;-2,69
0,93;-10,87;-11,11
4,34;-15,2;-13,4
5,55;-15,78;-13,88
4,18;-10,85;-9,12
2,04;-5,43;-7,73
3,09;-8,7;-5,43
3,69;-14,12;-3,38
3,01;-14,78;-2,15
-1,23;-5,28;1,97
-6,3;-1,14;-1,02
-5,17;-6,13;0,22
0,36;-12,48;7,71
5,46;-13,88;1,83
6,56;-9,24;0,38
3,19;-9,8;1,52
1,21;-8,68;1,11
0,39;-7,35;-0,92
0,39;-6,63;-0,56
0,47;-6,98;0,65
0,4;-7,6;0,23
0,46;-7,81;0,12
0,46;-7,98;0,61
0,02;-8,63;0,24
0,92;-9,56;-0,55
2,88;-10,14;-1,37
3,27;-10,59;-1,28
2,74;-11,02;-1,68
4,64;-11,53;-1,57
5,99;-12,77;-2,02
6,16;-12,99;-1,97
5,7;-13,46;-0,76
4,52;-12,57;-1,38
1,26;-13,23;-2,86
-2,89;-14,88;0,81
-3,79;-16,61;0,16
-3,09;-16,38;-0,69
-0,72;-16,22;-1,08
1,4;-16,25;-0,79
2,37;-13,3;0,41
1,76;-9,7;1,31
0,83;-7,91;1,37
0,04;-5,93;2,64
0,04;-4,29;2,71
-0,67;-3,67;2,37
-1,49;-1,71;1,36
-1,97;-1,51;0,95
-2,14;-1,85;0,4
-1,63;-2,87;-0,97
-0,35;-5,2;-5,56
1,92;-10,25;-10,34
4,07;-14,89;-13,7
4,74;-15,96;-13,9
3,85;-10,19;-8,74
1,38;-7,25;-8,6
1,94;-12,6;-7,18
2,69;-16,07;-2,74
2,47;-9,41;-4,08
-2,54;-2,56;1,59
-7,2;-0,84;-0,32
-4,16;-8,25;3,14
2;-13,85;8,15
5,54;-11,89;2,94
5,19;-8,85;1,23
2,17;-9,21;1,55
0,9;-8,26;-0,35
1,15;-6,71;-0,58
1,82;-6,4;-0,38
1,93;-7,11;0,62
1,53;-7,51;0,07
0,9;-7,38;0,15
0,55;-8;0,79
1,1;-8,93;0,16
2,4;-9,52;-0,68
2,66;-9,74;-1,04
1,99;-10,73;-1,92
2,26;-11,41;-2,38
4,86;-12;-1
5,65;-13,19;-1,95
5,46;-13,43;-1,35
3,9;-12,12;-0,27
0,07;-13,62;-0,36
-3,41;-15,67;0,65
-4,16;-16,68;-0,16
-2,43;-15,75;-0,49
2,87;-15,11;-1,23
2,7;-12,38;0,73
1,72;-9,68;1,92
0,5;-8,02;1,73
-0,14;-5,65;3,52
-0,31;-3,83;2,63
-0,89;-2,79;1,61
-1,06;-1,07;1,31
-1,48;-1,06;0,82
-1,47;-1,84;0,11
-0,97;-3,54;-1,99
0,24;-8,03;-8,37
1,92;-13,78;-11,81
3,65;-16,65;-14,56
3,52;-13,22;-10,8
2,6;-7,17;-7,49
0,82;-4,8;-7,75
2,29;-8,62;-4,33
1,78;-14,08;-1,42
2,72;-15,28;-1,37
-1,29;-4,67;2,05
-5,12;0,22;-0,79
-3,52;-4,64;4,74
1,92;-12,09;7,91
6,59;-13,54;2,38
5,25;-9,71;1,23
0,88;-9,43;1
-1,43;-7,84;-0,51
-0,82;-6,67;-0,27
1,11;-7,06;0,16
2,01;-7,57;0,79
1,82;-7,81;0,35
1,31;-7,57;0,6
1,07;-7,6;1,08
1,41;-8,9;0,28
2,49;-9,86;-1,08
3,76;-10,3;-1,7
3,68;-10,97;-2,15
4,07;-11,39;-2,27
5,07;-12,56;-1,73
4,25;-13,37;-2,18
4;-13,24;-0,96
4,63;-13,09;0,73
3,55;-12,61;0,82
-0,02;-13,32;-1,57
-4,19;-14,55;0,49
-4,48;-14,89;-0,13
-2,5;-14,6;-0,31
-0,25;-15,09;-1,24
1,5;-15,08;-0,77
2,09;-13,06;0,87
1,53;-9,65;1,82
0,99;-8,04;2,38
-0,32;-7,13;2,91
0,56;-4,9;2,77
0,25;-4,29;2,15
-0,65;-3,33;1,09
-0,99;-2,36;1,64
-1,19;-2,01;1,22
-1,34;-2,22;0,43
-1,08;-3,23;-1,79
-0,49;-6,35;-7,01
1,37;-12,61;-10,65
3,25;-16,07;-13,13
3,38;-13,94;-11,63
3,32;-9,14;-7,89
2,5;-5,42;-7,63
3,81;-8,48;-4,33
1,79;-16,77;-2,24
0,55;-12,68;0,26
-0,01;-14,1;1,22
1,18;-13,61;0,79
#END#1363775954
2,87;-12,17;1,33
2,37;-10,34;1,74
1,91;-9,28;2,21
1,23;-8,31;2,47
0,79;-7,35;3,17
0,12;-6,84;2,54
-0,41;-6,48;1,83
-0,97;-6,13;1,67
-1,53;-5,67;1,29
-1,08;-5,67;1,14
-0,45;-6,39;0,27
-0,04;-7,98;-0,96
-0,33;-11,22;-2,51
-1,8;-14,15;-6,68
-3,96;-13,59;-7,44
-3,12;-9,02;-5,77
0,48;-7,82;-1,73
1,3;-12,31;-2,47
7,17;-15,45;-2,7
6,23;-8,66;3,43
1,2;-6,7;5,27
-1,22;-8,26;1,01
-0,03;-11,31;0,83
0,59;-10,82;1,13
-0,61;-9,62;-0,06
-0,84;-9,22;-0,8
0,06;-9,43;-0,16
0,97;-9,79;-0,15
1,21;-9,84;-0,6
1,1;-9,48;-0,69
0,79;-9,55;-0,46
0,36;-9,76;-0,4
0,14;-9,6;-0,54
0,2;-9,57;-0,71
0,34;-9,71;-0,85
0,34;-9,75;-0,67
0,19;-10,37;-0,07
-0,06;-10,31;0,57
-0,73;-9,58;0,85
-1,06;-9,39;0,79
-0,96;-8,89;0,48
-0,36;-8,85;0,14
0,24;-8,96;0,02
0,42;-9,44;0,18
0,21;-10,08;0,38
0,2;-10,46;0,4
0,08;-10,39;-0,15
-0,24;-9,98;-0,4
-0,38;-9,43;0,39
-0,26;-9,55;0,85
-0,38;-9,56;0,84
-0,41;-9,56;0,72
-0,61;-9,81;0,58
-0,54;-9,84;0,22
-0,57;-9,77;0,17
-0,57;-9,7;0,24
-0,34;-9,57;0,41
-0,13;-9,56;0,52
-0,08;-9,54;0,51
0,02;-9,57;0,45
0,03;-9,57;0,36
-0,05;-9,57;0,23
-0,25;-9,62;0,21
-0,41;-9,64;0,16
-0,39;-9,64;0,14
-0,35;-9,69;0,22
-0,37;-9,75;0,28
-0,37;-9,72;0,34
-0,35;-9,7;0,32
-0,35;-9,68;0,34
-0,42;-9,68;0,34
-0,44;-9,58;0,36
-0,41;-9,54;0,34
-0,24;-9,55;0,31
-0,19;-9,57;0,29
-0,2;-9,57;0,32
-0,23;-9,57;0,27
-0,33;-9,61;0,27
-0,35;-9,62;0,19
-0,37;-9,62;0,11
-0,23;-9,56;0,15
-0,22;-9,62;0,11
-0,25;-9,63;0,12
-0,27;-9,61;0,13
-0,3;-9,65;0,14
-0,33;-9,65;0,17
-0,23;-9,69;0,22
-0,26;-9,71;0,36
-0,31;-9,7;0,41
-0,3;-9,69;0,52
-0,23;-9,7;0,56
-0,2;-9,67;0,64
-0,18;-9,6;0,62
-0,11;-9,55;0,6
-0,06;-9,54;0,62
-0,07;-9,6;0,65
-0,05;-9,61;0,54
-0,06;-9,63;0,47
-0,17;-9,62;0,37
-0,22;-9,59;0,33
-0,24;-9,62;0,34
-0,16;-9,69;0,34
-0,13;-9,68;0,36
-0,19;-9,63;0,34
-0,18;-9,64;0,34
-0,17;-9,62;0,35
-0,11;-9,59;0,36
-0,09;-9,63;0,41
-0,03;-9,63;0,4
-0,02;-9,67;0,39
-0,05;-9,65;0,5
-0,07;-9,67;0,48
-0,13;-9,67;0,58
-0,14;-9,62;0,7
-0,09;-9,6;0,68
-0,12;-9,61;0,68
-0,11;-9,62;0,61
-0,18;-9,63;0,55
-0,28;-9,61;0,52
-0,31;-9,61;0,42
-0,32;-9,61;0,32
-0,37;-9,64;0,27
-0,45;-9,66;0,16
-0,49;-9,67;0,16
-0,42;-9,65;0,13
-0,32;-9,64;0,18
-0,26;-9,64;0,24
-0,17;-9,62;0,25
-0,13;-9,62;0,27
-0,07;-9,62;0,29
-0,03;-9,65;0,37
-0,02;-9,65;0,34
-0,02;-9,66;0,35
0,02;-9,63;0,36
-0,02;-9,58;0,39
-0,02;-9,62;0,47
-0,07;-9,62;0,44
-0,13;-9,65;0,48
-0,15;-9,65;0,49
-0,2;-9,65;0,47
-0,15;-9,64;0,43
-0,14;-9,6;0,47
-0,11;-9,65;0,44
-0,11;-9,63;0,45
-0,07;-9,6;0,4
-0,12;-9,62;0,41
-0,13;-9,62;0,4
-0,08;-9,62;0,43
-0,07;-9,61;0,42
-0,11;-9,6;0,55
-0,08;-9,56;0,56
-0,12;-9,63;0,57
-0,15;-9,64;0,55
-0,11;-9,66;0,59
-0,05;-9,66;0,52
-0,06;-9,67;0,46
-0,14;-9,62;0,48
-0,2;-9,64;0,4
-0,16;-9,65;0,41
-0,13;-9,65;0,46
-0,17;-9,63;0,41
-0,2;-9,67;0,41
-0,2;-9,64;0,45
-0,2;-9,6;0,46
-0,17;-9,63;0,43
-0,18;-9,66;0,43
-0,15;-9,68;0,39
-0,11;-9,64;0,4
-0,11;-9,61;0,41
-0,09;-9,62;0,45
-0,11;-9,62;0,49
-0,09;-9,62;0,41
-0,07;-9,64;0,48
-0,1;-9,64;0,49
-0,12;-9,63;0,5
-0,12;-9,65;0,51
-0,21;-9,65;0,49
-0,21;-9,65;0,47
-0,25;-9,66;0,48
-0,25;-9,68;0,52
-0,21;-9,64;0,5
-0,19;-9,62;0,55
-0,15;-9,59;0,5
-0,15;-9,6;0,49
-0,12;-9,66;0,47
-0,11;-9,64;0,43
-0,1;-9,64;0,4
-0,12;-9,66;0,46
-0,11;-9,65;0,46
-0,14;-9,63;0,45
-0,16;-9,62;0,48
-0,17;-9,65;0,47
-0,15;-9,62;0,43
-0,11;-9,64;0,46
-0,15;-9,65;0,44
-0,16;-9,65;0,42
-0,14;-9,67;0,39
-0,12;-9,62;0,43
-0,11;-9,63;0,52
-0,12;-9,63;0,48
-0,08;-9,63;0,46
-0,1;-9,63;0,47
-0,12;-9,63;0,45
-0,16;-9,61;0,48
-0,18;-9,64;0,48
-0,15;-9,6;0,46
-0,11;-9,62;0,44
-0,07;-9,63;0,41
-0,05;-9,63;0,43
-0,06;-9,62;0,41
-0,07;-9,58;0,4
-0,07;-9,58;0,41
-0,08;-9,61;0,4
-0,06;-9,59;0,38
-0,08;-9,66;0,37
-0,11;-9,63;0,39
-0,1;-9,63;0,41
-0,12;-9,63;0,44
-0,11;-9,66;0,41
-0,12;-9,62;0,39
-0,09;-9,62;0,41
-0,1;-9,63;0,4
-0,07;-9,63;0,38
-0,11;-9,62;0,44
-0,11;-9,65;0,38
-0,1;-9,63;0,39
-0,08;-9,61;0,44
-0,09;-9,63;0,39
-0,09;-9,65;0,4
-0,08;-9,62;0,41
-0,11;-9,63;0,45
-0,09;-9,61;0,4
-0,07;-9,62;0,38
-0,09;-9,61;0,39
-0,08;-9,61;0,38
-0,09;-9,61;0,38
-0,08;-9,62;0,38
-0,08;-9,64;0,39
-0,11;-9,63;0,37
-0,11;-9,65;0,33
-0,11;-9,64;0,34
-0,11;-9,65;0,27
-0,1;-9,64;0,34
-0,13;-9,64;0,31
-0,11;-9,63;0,3
-0,11;-9,64;0,32
-0,13;-9,66;0,34
-0,14;-9,64;0,35
-0,13;-9,62;0,35
-0,13;-9,62;0,42
-0,12;-9,62;0,39
-0,09;-9,6;0,38
-0,08;-9,62;0,34
-0,1;-9,63;0,32
-0,12;-9,62;0,34
-0,11;-9,62;0,27
-0,1;-9,62;0,27
-0,13;-9,61;0,29
-0,11;-9,61;0,33
-0,11;-9,62;0,35
-0,15;-9,61;0,36
-0,11;-9,61;0,34
-0,11;-9,62;0,29
-0,1;-9,64;0,34
-0,09;-9,62;0,33
-0,04;-9,63;0,35
-0,09;-9,62;0,37
-0,11;-9,6;0,39
-0,1;-9,62;0,35
-0,09;-9,62;0,33
-0,12;-9,63;0,34
-0,12;-9,63;0,32
-0,12;-9,62;0,3
-0,14;-9,59;0,26
-0,11;-9,6;0,3
-0,13;-9,64;0,34
-0,09;-9,65;0,32
-0,07;-9,66;0,32
-0,09;-9,63;0,27
-0,09;-9,63;0,39
-0,08;-9,65;0,37
-0,09;-9,63;0,34
-0,1;-9,63;0,35
-0,1;-9,68;0,37
-0,11;-9,62;0,38
-0,11;-9,6;0,35
-0,09;-9,62;0,36
-0,1;-9,63;0,36
-0,11;-9,64;0,32
-0,16;-9,61;0,34
-0,14;-9,61;0,38
-0,11;-9,6;0,4
-0,09;-9,61;0,34
-0,12;-9,62;0,31
-0,16;-9,65;0,31
-0,14;-9,63;0,28
-0,11;-9,63;0,3
-0,1;-9,67;0,34
-0,08;-9,67;0,35
-0,1;-9,67;0,39
-0,08;-9,65;0,37
-0,12;-9,62;0,4
-0,11;-9,67;0,37
-0,1;-9,66;0,35
-0,11;-9,62;0,34
-0,11;-9,6;0,34
-0,1;-9,62;0,31
-0,08;-9,62;0,32
-0,1;-9,65;0,35
-0,09;-9,68;0,32
-0,07;-9,65;0,33
-0,07;-9,67;0,34
-0,05;-9,66;0,32
-0,08;-9,64;0,3
-0,12;-9,65;0,32
-0,13;-9,62;0,28
-0,09;-9,62;0,31
-0,07;-9,61;0,31
-0,07;-9,61;0,32
-0,08;-9,62;0,32
-0,1;-9,63;0,34
-0,11;-9,62;0,33
-0,1;-9,62;0,35
-0,11;-9,61;0,35
-0,11;-9,62;0,35
-0,09;-9,62;0,33
-0,07;-9,63;0,32
-0,05;-9,65;0,3
-0,08;-9,64;0,34
-0,08;-9,64;0,29
-0,07;-9,62;0,32
-0,09;-9,63;0,34
-0,1;-9,65;0,26
-0,09;-9,67;0,24
-0,12;-9,65;0,28
-0,11;-9,63;0,28
-0,11;-9,67;0,32
-0,11;-9,65;0,33
-0,11;-9,62;0,31
-0,08;-9,63;0,34
-0,07;-9,64;0,33
-0,09;-9,65;0,29
-0,06;-9,65;0,28
-0,07;-9,62;0,3
-0,09;-9,62;0,27
-0,08;-9,62;0,27
-0,11;-9,61;0,3
-0,07;-9,62;0,28
-0,06;-9,62;0,3
-0,06;-9,62;0,34
-0,1;-9,62;0,32
-0,07;-9,62;0,33
-0,09;-9,67;0,33
-0,08;-9,65;0,34
-0,07;-9,64;0,34
-0,08;-9,62;0,33
-0,09;-9,6;0,28
-0,08;-9,61;0,31
-0,11;-9,62;0,32
-0,07;-9,63;0,28
-0,08;-9,64;0,26
-0,09;-9,66;0,27
-0,07;-9,64;0,21
-0,05;-9,65;0,23
-0,05;-9,64;0,26
-0,08;-9,61;0,27
-0,11;-9,66;0,31
-0,13;-9,66;0,3
-0,13;-9,64;0,26
-0,14;-9,62;0,29
-0,08;-9,61;0,31
-0,11;-9,63;0,27
-0,06;-9,62;0,28
-0,07;-9,6;0,29
-0,06;-9,63;0,3
-0,05;-9,65;0,3
-0,05;-9,66;0,24
-0,04;-9,7;0,24
-0,05;-9,67;0,28
-0,02;-9,67;0,32
-0,03;-9,63;0,29
-0,07;-9,62;0,3
-0,07;-9,62;0,25
-0,08;-9,64;0,24
-0,08;-9,64;0,26
-0,09;-9,63;0,26
-0,07;-9,63;0,3
-0,08;-9,62;0,3
-0,1;-9,65;0,32
-0,11;-9,64;0,29
-0,1;-9,62;0,27
-0,12;-9,63;0,29
-0,11;-9,63;0,29
-0,11;-9,65;0,31
-0,11;-9,64;0,32
-0,11;-9,65;0,33
-0,1;-9,62;0,33
-0,1;-9,62;0,34
-0,1;-9,62;0,36
-0,11;-9,64;0,36
-0,12;-9,63;0,34
-0,08;-9,64;0,27
-0,1;-9,63;0,29
-0,11;-9,61;0,32
-0,11;-9,63;0,33
-0,1;-9,64;0,35
-0,1;-9,62;0,34
-0,09;-9,64;0,33
-0,08;-9,64;0,32
-0,11;-9,62;0,29
-0,09;-9,65;0,29
-0,08;-9,67;0,29
-0,08;-9,63;0,28
-0,07;-9,63;0,23
-0,07;-9,64;0,28
-0,06;-9,65;0,26
-0,11;-9,7;0,29
-0,1;-9,66;0,29
-0,08;-9,66;0,26
-0,09;-9,66;0,29
-0,08;-9,63;0,31
-0,11;-9,65;0,3
-0,11;-9,65;0,32
-0,11;-9,65;0,32
-0,13;-9,63;0,27
-0,11;-9,66;0,25
-0,11;-9,64;0,26
-0,12;-9,64;0,26
-0,11;-9,6;0,3
-0,11;-9,62;0,32
-0,09;-9,62;0,3
-0,05;-9,63;0,26
-0,04;-9,62;0,26
-0,05;-9,64;0,27
-0,06;-9,64;0,32
-0,06;-9,62;0,33
-0,11;-9,61;0,31
-0,07;-9,58;0,31
-0,11;-9,61;0,35
-0,11;-9,62;0,35
-0,09;-9,62;0,32
-0,11;-9,62;0,3
-0,1;-9,62;0,32
-0,07;-9,64;0,33
-0,08;-9,61;0,28
-0,08;-9,62;0,25
-0,07;-9,63;0,3
-0,1;-9,63;0,34
-0,07;-9,64;0,31
-0,04;-9,62;0,33
-0,05;-9,62;0,35
-0,06;-9,64;0,33
-0,09;-9,66;0,27
-0,07;-9,62;0,26
-0,09;-9,62;0,34
-0,11;-9,65;0,32
-0,11;-9,62;0,32
-0,11;-9,6;0,27
-0,12;-9,62;0,28
-0,11;-9,63;0,31
-0,09;-9,62;0,28
-0,09;-9,62;0,29
-0,09;-9,64;0,34
-0,08;-9,62;0,33
-0,09;-9,62;0,3
-0,08;-9,64;0,34
-0,07;-9,63;0,34
-0,07;-9,65;0,32
-0,06;-9,62;0,32
-0,04;-9,61;0,34
-0,08;-9,62;0,34
-0,04;-9,63;0,27
-0,05;-9,65;0,28
-0,03;-9,65;0,23
-0,04;-9,65;0,23
-0,06;-9,66;0,2
-0,06;-9,63;0,24
-0,08;-9,62;0,29
-0,08;-9,66;0,27
-0,07;-9,65;0,31
-0,08;-9,67;0,31
-0,11;-9,64;0,35
-0,08;-9,64;0,33
-0,08;-9,6;0,33
-0,07;-9,64;0,33
-0,08;-9,62;0,34
-0,09;-9,62;0,3
#END#1363775964
-0,02;-9,62;0,25
-0,06;-9,63;0,27
-0,09;-9,63;0,26
-0,05;-9,62;0,29
-0,05;-9,61;0,27
-0,07;-9,61;0,32
-0,06;-9,62;0,34
-0,08;-9,61;0,32
-0,07;-9,63;0,27
-0,07;-9,64;0,26
-0,07;-9,62;0,27
-0,07;-9,64;0,27
-0,04;-9,62;0,27
-0,05;-9,63;0,32
-0,1;-9,62;0,29
-0,07;-9,63;0,29
-0,06;-9,64;0,34
-0,04;-9,63;0,35
-0,04;-9,67;0,29
-0,08;-9,68;0,29
-0,12;-9,64;0,26
-0,09;-9,62;0,25
-0,08;-9,63;0,28
-0,09;-9,6;0,24
-0,06;-9,62;0,25
-0,11;-9,66;0,2
-0,09;-9,67;0,21
-0,06;-9,66;0,2
-0,06;-9,63;0,28
-0,09;-9,61;0,31
-0,04;-9,61;0,28
-0,07;-9,64;0,3
-0,08;-9,64;0,27
-0,12;-9,64;0,31
-0,11;-9,64;0,35
-0,09;-9,62;0,31
-0,09;-9,64;0,32
-0,08;-9,64;0,28
-0,08;-9,68;0,29
-0,09;-9,63;0,33
-0,1;-9,62;0,31
-0,09;-9,61;0,3
-0,08;-9,66;0,32
-0,06;-9,65;0,34
-0,07;-9,6;0,28
-0,06;-9,6;0,29
-0,04;-9,62;0,31
-0,05;-9,62;0,24
-0,08;-9,62;0,3
-0,06;-9,66;0,29
-0,09;-9,63;0,25
-0,07;-9,62;0,29
-0,07;-9,62;0,29
-0,08;-9,64;0,31
-0,05;-9,63;0,3
-0,11;-9,66;0,29
-0,11;-9,7;0,31
-0,1;-9,69;0,3
-0,08;-9,66;0,29
-0,11;-9,63;0,31
-0,1;-9,64;0,34
-0,11;-9,62;0,3
-0,07;-9,63;0,3
-0,07;-9,65;0,29
-0,06;-9,64;0,26
-0,03;-9,63;0,3
-0,05;-9,64;0,3
-0,04;-9,63;0,34
-0,04;-9,67;0,33
-0,09;-9,64;0,33
-0,07;-9,64;0,29
-0,08;-9,69;0,33
-0,09;-9,68;0,25
-0,07;-9,65;0,23
-0,07;-9,64;0,27
-0,09;-9,62;0,26
-0,06;-9,6;0,24
-0,05;-9,61;0,27
-0,05;-9,62;0,31
-0,08;-9,64;0,29
-0,08;-9,62;0,29
-0,11;-9,66;0,27
-0,11;-9,64;0,25
-0,09;-9,61;0,24
-0,08;-9,62;0,3
-0,09;-9,63;0,27
-0,07;-9,66;0,24
-0,07;-9,64;0,22
-0,06;-9,62;0,26
-0,07;-9,64;0,26
-0,11;-9,62;0,21
-0,1;-9,61;0,26
-0,09;-9,62;0,34
-0,11;-9,63;0,32
-0,09;-9,62;0,3
-0,1;-9,65;0,33
-0,08;-9,63;0,34
-0,09;-9,67;0,33
-0,06;-9,65;0,29
-0,06;-9,62;0,29
-0,08;-9,61;0,29
-0,09;-9,63;0,3
-0,08;-9,66;0,27
-0,08;-9,63;0,29
-0,08;-9,68;0,28
-0,08;-9,63;0,28
-0,04;-9,62;0,3
-0,09;-9,62;0,32
-0,04;-9,61;0,28
-0,05;-9,61;0,28
-0,12;-9,63;0,3
-0,11;-9,67;0,28
-0,11;-9,66;0,27
-0,14;-9,64;0,22
-0,14;-9,64;0,25
-0,11;-9,63;0,26
-0,11;-9,61;0,33
-0,11;-9,62;0,33
-0,11;-9,65;0,24
-0,18;-9,67;0,23
-0,14;-9,66;0,26
-0,11;-9,64;0,25
-0,1;-9,65;0,33
-0,07;-9,65;0,29
-0,1;-9,62;0,33
-0,08;-9,59;0,28
-0,08;-9,59;0,32
-0,07;-9,61;0,33
-0,08;-9,62;0,28
-0,08;-9,63;0,3
-0,12;-9,65;0,31
-0,11;-9,62;0,25
-0,09;-9,63;0,25
-0,11;-9,65;0,27
-0,08;-9,62;0,29
-0,08;-9,61;0,31
-0,05;-9,62;0,27
-0,07;-9,64;0,26
-0,04;-9,65;0,32
-0,06;-9,62;0,27
-0,07;-9,63;0,27
-0,04;-9,62;0,28
-0,03;-9,64;0,3
-0,06;-9,62;0,3
-0,06;-9,64;0,26
-0,07;-9,59;0,3
-0,09;-9,59;0,31
-0,09;-9,6;0,25
-0,1;-9,64;0,21
-0,09;-9,63;0,24
-0,05;-9,64;0,29
-0,07;-9,64;0,29
-0,07;-9,66;0,26
-0,05;-9,65;0,23
-0,11;-9,65;0,29
-0,09;-9,64;0,3
-0,05;-9,65;0,22
-0,05;-9,62;0,25
-0,09;-9,62;0,24
-0,08;-9,63;0,27
-0,12;-9,63;0,28
-0,1;-9,62;0,23
-0,11;-9,63;0,2
-0,07;-9,62;0,23
-0,05;-9,61;0,25
-0,06;-9,61;0,25
-0,03;-9,61;0,23
-0,05;-9,63;0,27
-0,04;-9,64;0,24
-0,04;-9,64;0,22
-0,05;-9,62;0,26
-0,05;-9,62;0,26
-0,06;-9,59;0,27
-0,06;-9,63;0,23
-0,08;-9,62;0,26
-0,09;-9,6;0,23
-0,11;-9,62;0,22
-0,11;-9,62;0,19
-0,1;-9,64;0,17
-0,1;-9,64;0,19
-0,1;-9,64;0,22
-0,09;-9,63;0,24
-0,08;-9,62;0,24
-0,1;-9,63;0,24
-0,06;-9,65;0,24
-0,02;-9,63;0,24
-0,04;-9,65;0,32
-0,07;-9,68;0,27
-0,07;-9,64;0,23
-0,09;-9,63;0,3
-0,09;-9,64;0,29
-0,11;-9,64;0,34
-0,1;-9,68;0,28
-0,12;-9,69;0,28
-0,12;-9,67;0,28
-0,12;-9,66;0,3
-0,08;-9,65;0,28
-0,11;-9,62;0,28
-0,07;-9,63;0,21
-0,09;-9,63;0,3
-0,09;-9,66;0,29
-0,08;-9,64;0,34
-0,11;-9,62;0,3
-0,11;-9,65;0,31
-0,09;-9,66;0,23
-0,06;-9,63;0,23
-0,08;-9,64;0,24
-0,08;-9,63;0,25
-0,11;-9,62;0,26
-0,11;-9,62;0,25
-0,1;-9,63;0,27
-0,09;-9,66;0,28
-0,08;-9,66;0,31
-0,08;-9,62;0,34
-0,1;-9,62;0,3
-0,07;-9,68;0,31
-0,06;-9,63;0,3
-0,05;-9,58;0,26
-0,1;-9,62;0,3
-0,09;-9,66;0,24
-0,11;-9,62;0,28
-0,08;-9,62;0,32
-0,11;-9,63;0,28
-0,08;-9,64;0,3
-0,1;-9,63;0,31
-0,09;-9,61;0,3
-0,07;-9,62;0,25
-0,07;-9,62;0,25
-0,09;-9,63;0,22
-0,1;-9,6;0,25
-0,06;-9,62;0,25
-0,09;-9,61;0,29
-0,05;-9,6;0,23
-0,05;-9,65;0,24
-0,12;-9,64;0,25
-0,12;-9,62;0,27
-0,14;-9,63;0,3
-0,19;-9,72;0,34
-0,21;-9,71;0,28
-0,24;-9,67;0,34
-0,33;-9,67;0,38
-0,37;-9,62;0,34
-0,3;-9,62;0,4
-0,32;-9,62;0,43
-0,32;-9,63;0,43
-0,3;-9,64;0,38
-0,29;-9,67;0,34
-0,21;-9,65;0,26
-0,16;-9,62;0,3
-0,11;-9,6;0,4
-0,07;-9,62;0,43
-0,07;-9,71;0,51
-0,1;-9,59;0,51
-0,1;-9,64;0,64
-0,14;-9,56;0,72
-0,15;-9,45;0,73
-0,06;-9,39;0,68
0,14;-9,36;0,42
0,44;-9,57;0,41
0,73;-9,74;0,49
0,79;-9,8;0,42
0,66;-9,68;0,3
0,21;-9,81;-0,1
0,12;-9,75;-0,33
0,21;-9,86;-0,36
0,19;-9,84;-0,3
0,36;-9,77;-0,12
0,51;-9,74;0,09
0,57;-9,67;0,2
0,65;-9,65;0,34
0,8;-9,72;0,52
1;-9,75;0,75
1,21;-9,77;0,89
1,3;-9,89;1,24
1,14;-10,01;1,17
0,47;-10,01;0,85
-0,53;-9,84;0,09
-1,21;-9,49;-0,86
-1,23;-9,41;-1,4
-1,14;-9,47;-1,75
-0,97;-9,46;-1,33
-0,55;-9,45;-1,06
-0,4;-9,61;-1,48
-0,58;-9,49;-1,64
-0,99;-9,35;-1,8
-1,24;-9,24;-2,04
-0,91;-9,23;-1,9
-0,38;-9,23;-2,18
0,29;-9,04;-2,46
0,8;-9,26;-2,57
0,91;-9,26;-2,85
0,75;-9,23;-2,8
0,62;-9,07;-2,55
0,46;-8,95;-2,04
0,23;-8,9;-1,44
-0,03;-8,85;-1,51
-0,07;-8,94;-1,69
-0,3;-8,69;-1,59
-0,82;-8,71;-0,79
-0,94;-8,8;-0,72
-0,66;-8,99;-0,74
-0,59;-9,17;-0,77
-0,73;-9,44;-0,77
-0,49;-10,81;-1,46
0,19;-12,24;-2,89
0,8;-10,47;-1,62
-0,09;-9,34;-0,93
-0,53;-8,97;-0,74
-0,25;-9,26;-0,85
0,11;-9,67;-0,82
0,08;-9,79;-0,64
0,02;-9,77;-0,42
-0,13;-9,73;-0,93
-0,39;-9,67;-1,12
-0,45;-9,65;-1,16
-0,42;-9,62;-1,04
-0,45;-9,44;-0,65
-0,29;-9,48;-0,38
-0,11;-9,63;-0,57
-0,04;-9,72;-0,75
-0,06;-9,69;-0,82
-0,11;-9,65;-0,6
-0,21;-9,62;-0,49
-0,24;-9,62;-0,52
-0,23;-9,64;-0,66
-0,2;-9,68;-0,65
-0,11;-9,71;-0,61
-0,04;-9,75;-0,65
-0,04;-9,73;-0,68
-0,11;-9,75;-0,68
-0,11;-9,7;-0,7
-0,14;-9,64;-0,72
-0,15;-9,66;-0,73
-0,12;-9,69;-0,68
-0,14;-9,67;-0,67
-0,11;-9,63;-0,7
-0,07;-9,67;-0,74
-0,04;-9,67;-0,72
-0,06;-9,63;-0,68
-0,02;-9,62;-0,76
-0,01;-9,63;-0,84
-0,01;-9,62;-0,82
0,01;-9,62;-0,8
0,02;-9,63;-0,85
0,02;-9,67;-0,86
-0,02;-9,65;-0,85
-0,03;-9,66;-0,88
-0,01;-9,65;-0,88
0,02;-9,64;-0,92
0,02;-9,62;-0,89
0,02;-9,61;-0,9
0,01;-9,62;-0,9
0,01;-9,63;-0,92
-0,06;-9,62;-0,92
-0,05;-9,6;-0,91
-0,05;-9,61;-0,82
-0,04;-9,59;-0,76
-0,03;-9,61;-0,77
-0,02;-9,62;-0,85
-0,03;-9,63;-0,83
-0,02;-9,64;-0,86
-0,01;-9,64;-0,84
-0,03;-9,63;-0,83
-0,03;-9,64;-0,85
-0,03;-9,6;-0,86
0,01;-9,62;-0,83
0,01;-9,66;-0,86
-0,01;-9,62;-0,79
-0,03;-9,63;-0,83
-0,03;-9,62;-0,85
-0,03;-9,65;-0,89
-0,02;-9,65;-0,85
-0,01;-9,6;-0,74
-0,01;-9,6;-0,75
-0,01;-9,64;-0,85
-0,03;-9,64;-0,78
-0,01;-9,62;-0,73
-0,01;-9,62;-0,79
-0,02;-9,62;-0,88
0,02;-9,63;-0,98
0,09;-9,62;-0,91
0,16;-9,56;-0,92
0,19;-9,55;-0,92
0,13;-9,58;-0,88
0,11;-9,6;-0,9
0,08;-9,62;-0,91
0,05;-9,59;-0,79
0,03;-9,62;-0,77
-0,01;-9,67;-0,74
-0,07;-9,62;-0,73
-0,07;-9,65;-0,69
-0,09;-9,66;-0,71
-0,08;-9,63;-0,72
-0,1;-9,63;-0,69
-0,12;-9,61;-0,69
-0,11;-9,62;-0,75
-0,14;-9,65;-0,77
-0,16;-9,66;-0,76
-0,04;-9,66;-0,71
-0,04;-9,62;-0,67
-0,02;-9,59;-0,69
0,01;-9,58;-0,73
0,01;-9,62;-0,64
0,01;-9,61;-0,69
0,01;-9,62;-0,67
#END#1363775974
-0,04;-9,65;-0,64
-0,07;-9,61;-0,63
-0,06;-9,58;-0,75
-0,04;-9,61;-0,76
-0,02;-9,64;-0,76
-0,02;-9,63;-0,73
-0,05;-9,68;-0,69
-0,03;-9,67;-0,76
-0,01;-9,66;-0,7
-0,02;-9,65;-0,75
-0,04;-9,67;-0,71
-0,05;-9,66;-0,71
-0,01;-9,63;-0,71
0,01;-9,63;-0,68
-0,03;-9,65;-0,69
0,01;-9,65;-0,66
0,02;-9,63;-0,69
-0,01;-9,62;-0,73
0,02;-9,65;-0,73
-0,01;-9,62;-0,65
-0,03;-9,61;-0,62
-0,02;-9,62;-0,67
-0,02;-9,63;-0,69
-0,06;-9,64;-0,71
-0,05;-9,64;-0,68
-0,08;-9,64;-0,68
-0,08;-9,61;-0,69
-0,05;-9,62;-0,71
-0,02;-9,62;-0,7
-0,06;-9,63;-0,72
-0,03;-9,67;-0,76
-0,02;-9,68;-0,7
-0,06;-9,68;-0,73
-0,02;-9,63;-0,74
-0,01;-9,62;-0,72
-0,02;-9,64;-0,69
-0,03;-9,64;-0,69
-0,01;-9,62;-0,7
0,01;-9,66;-0,72
0,03;-9,62;-0,65
0,05;-9,68;-0,68
0,01;-9,66;-0,72
-0,02;-9,63;-0,76
-0,02;-9,64;-0,77
-0,04;-9,68;-0,7
-0,04;-9,62;-0,69
-0,02;-9,62;-0,73
-0,01;-9,63;-0,74
-0,04;-9,65;-0,72
-0,07;-9,64;-0,71
-0,06;-9,64;-0,64
-0,04;-9,62;-0,69
-0,06;-9,65;-0,67
-0,03;-9,65;-0,74
-0,02;-9,64;-0,74
-0,01;-9,63;-0,69
-0,04;-9,63;-0,7
-0,03;-9,62;-0,7
-0,05;-9,64;-0,69
-0,03;-9,64;-0,66
-0,04;-9,61;-0,66
-0,03;-9,61;-0,67
-0,05;-9,58;-0,7
-0,06;-9,62;-0,69
-0,03;-9,64;-0,72
-0,02;-9,63;-0,71
-0,01;-9,64;-0,72
-0,03;-9,64;-0,74
-0,06;-9,65;-0,78
-0,03;-9,67;-0,74
-0,03;-9,69;-0,72
-0,06;-9,62;-0,78
-0,04;-9,69;-0,72
-0,02;-9,66;-0,73
-0,01;-9,66;-0,74
-0,03;-9,64;-0,73
-0,06;-9,64;-0,78
-0,05;-9,62;-0,76
-0,05;-9,61;-0,76
-0,05;-9,62;-0,72
-0,07;-9,61;-0,7
-0,07;-9,59;-0,73
-0,07;-9,63;-0,75
-0,06;-9,63;-0,79
-0,07;-9,64;-0,76
-0,06;-9,64;-0,71
-0,06;-9,62;-0,75
-0,07;-9,62;-0,74
-0,06;-9,62;-0,77
-0,08;-9,6;-0,78
-0,08;-9,61;-0,78
-0,03;-9,6;-0,75
-0,02;-9,59;-0,73
-0,04;-9,62;-0,79
-0,04;-9,63;-0,72
-0,02;-9,63;-0,71
-0,02;-9,62;-0,77
-0,03;-9,63;-0,75
-0,01;-9,64;-0,74
-0,01;-9,64;-0,71
-0,04;-9,62;-0,78
-0,06;-9,65;-0,83
-0,04;-9,69;-0,83
-0,03;-9,65;-0,75
-0,05;-9,6;-0,77
-0,07;-9,62;-0,77
-0,07;-9,63;-0,8
-0,02;-9,64;-0,77
-0,05;-9,62;-0,77
-0,02;-9,66;-0,8
-0,03;-9,65;-0,74
-0,03;-9,67;-0,75
-0,03;-9,65;-0,78
-0,01;-9,66;-0,78
-0,05;-9,63;-0,72
-0,02;-9,65;-0,79
-0,02;-9,63;-0,81
-0,01;-9,62;-0,75
-0,03;-9,64;-0,75
-0,06;-9,62;-0,77
-0,06;-9,63;-0,76
-0,04;-9,66;-0,75
-0,06;-9,66;-0,79
-0,04;-9,62;-0,78
-0,04;-9,6;-0,77
-0,02;-9,62;-0,74
-0,07;-9,63;-0,75
-0,08;-9,63;-0,74
-0,05;-9,6;-0,79
-0,05;-9,62;-0,79
-0,05;-9,59;-0,77
-0,03;-9,59;-0,81
-0,04;-9,62;-0,81
-0,06;-9,62;-0,74
-0,08;-9,63;-0,7
-0,09;-9,65;-0,76
-0,05;-9,62;-0,73
-0,05;-9,62;-0,77
-0,1;-9,62;-0,86
-0,11;-9,64;-0,79
-0,07;-9,63;-0,81
-0,1;-9,63;-0,86
-0,1;-9,66;-0,83
-0,11;-9,62;-0,76
-0,09;-9,64;-0,72
-0,09;-9,62;-0,74
-0,07;-9,65;-0,75
-0,04;-9,63;-0,74
-0,08;-9,64;-0,75
-0,04;-9,64;-0,77
-0,09;-9,64;-0,78
-0,07;-9,65;-0,86
-0,06;-9,63;-0,79
-0,1;-9,65;-0,78
-0,1;-9,63;-0,79
-0,09;-9,62;-0,78
-0,1;-9,67;-0,71
-0,07;-9,64;-0,79
-0,05;-9,62;-0,91
-0,07;-9,67;-0,85
-0,04;-9,64;-0,85
-0,08;-9,62;-0,79
-0,04;-9,63;-0,83
-0,04;-9,63;-0,8
-0,07;-9,63;-0,78
-0,04;-9,64;-0,77
-0,02;-9,63;-0,79
-0,04;-9,63;-0,8
-0,08;-9,64;-0,81
-0,06;-9,64;-0,85
-0,08;-9,59;-0,88
-0,08;-9,62;-0,85
-0,07;-9,62;-0,79
-0,04;-9,63;-0,82
-0,03;-9,61;-0,89
-0,05;-9,62;-0,88
-0,07;-9,61;-0,9
-0,09;-9,61;-0,88
-0,1;-9,62;-0,84
-0,12;-9,62;-0,81
-0,11;-9,6;-0,86
-0,12;-9,62;-0,91
-0,12;-9,62;-0,89
-0,11;-9,59;-0,89
-0,15;-9,61;-0,88
-0,13;-9,59;-0,91
-0,11;-9,63;-0,88
-0,09;-9,6;-0,92
-0,08;-9,62;-0,84
-0,09;-9,65;-0,89
-0,09;-9,64;-0,82
-0,07;-9,62;-0,81
-0,11;-9,6;-0,91
-0,12;-9,62;-0,93
-0,11;-9,62;-0,97
-0,06;-9,62;-1,01
-0,06;-9,69;-1,05
-0,01;-9,67;-0,94
-0,01;-9,63;-0,97
0,03;-9,61;-1,01
0,07;-9,59;-1,03
0,06;-9,69;-1,12
0,09;-9,65;-1,29
0,04;-9,7;-1,37
-0,1;-9,78;-1,42
-0,13;-9,93;-1,65
-0,08;-9,98;-1,79
-0,02;-9,97;-1,81
#END#1363775985
-0,55;-5,11;1,05
-0,99;-4,47;0,57
-1,28;-3,43;0,18
-1,34;-2,9;-0,17
-0,85;-2,94;-0,31
-0,35;-3,47;-0,89
0,39;-5,4;-4,35
1,37;-9,43;-8,49
2,31;-14,48;-11,82
2,87;-16,99;-12,15
3,55;-11,66;-8,82
1,8;-7,53;-7,29
2,19;-10,1;-4,75
2,32;-14,82;-1,66
1,65;-14,58;-1,92
-0,54;-6,05;-0,36
-4,27;-1,44;3,65
-7,35;-3,69;0,77
-1,1;-11,2;3,35
4,27;-12,79;5,22
5,17;-10,19;1,14
1,97;-8,99;-0,28
0,66;-8,62;-0,12
1,16;-7,68;0,61
1,9;-7,61;0,68
1,84;-7,92;0,41
0,82;-8,18;-0,18
0,47;-8,01;-0,54
0,94;-8,42;-0,14
0,79;-8,66;-0,14
-0,44;-8,81;-0,17
0,33;-9,51;0,06
2,36;-9,51;-0,71
1,97;-10,31;-0,93
1,77;-10,87;-0,68
3,89;-11,63;-0,15
4,17;-13,2;-0,82
3,89;-13,44;-2,42
4,03;-12,79;-1,33
4,23;-12,09;-0,66
3,11;-11,36;0,16
0,39;-12,48;-0,96
-3,23;-13,92;0,45
-4,48;-15,17;0,04
-3,66;-14,47;-0,32
-1;-15,12;-1,97
1,27;-15,14;-1,87
2,15;-13,01;0,11
1,49;-10,28;1,57
0,57;-8,49;2,27
0,3;-6,65;3,01
0,15;-5,28;1,7
-0,43;-4,17;1,1
-0,94;-3,14;0,47
-1,16;-2,17;0,38
-1,54;-1,73;0,23
-1,47;-2,21;-0,11
-1,05;-3,06;-0,85
1,05;-10,62;-9,27
1,38;-7,3;0,3
0,78;-7,74;0,08
0,94;-8,06;-0,12
1,43;-8,99;-0,49
3,51;-10,05;-1,12
2,91;-10,59;-1,62
3,59;-11,3;-1,89
5,1;-12,43;-1,41
4,87;-12,91;-2,3
4,29;-12,27;-2,37
4,18;-11,4;-1,09
4,06;-10,39;-1,22
2,58;-12,11;-0,4
-0,34;-15,81;1,7
-3,29;-16,73;-0,34
-4,31;-16,21;-1,11
-1,31;-15,99;-0,78
1,86;-15,37;-0,33
2,18;-10,31;1,61
0,94;-8,42;1,34
0,16;-6,77;2,6
0,13;-5;3,06
-0,1;-3,5;1,83
-0,11;-2,19;0,98
-0,55;-1,38;1,02
-1,27;-1,14;0,96
-1,61;-2,18;0,49
-1,49;-4,22;-0,79
-0,28;-7,63;-5,55
2,4;-13,28;-9,67
4,81;-16,41;-11,66
5,74;-14,36;-12,4
5,32;-10,25;-8,5
3,74;-5,09;-6,64
2,68;-5,13;-5,27
3,22;-11;-3,17
0,54;-15,27;-1,54
-1,01;-10,77;-1,84
-6,1;-2,43;1,9
-1,7;-6,24;7,17
4,97;-12,89;7,66
7,11;-13,24;0,9
3,66;-10,4;1,89
0,83;-8,16;0,76
0,37;-6,55;0,93
1,44;-5,93;0,59
2,5;-6,88;0,8
2,62;-7,44;1,35
2,12;-7,1;1,3
2,21;-7,87;0,67
1,83;-8,49;-0,61
1,2;-9,54;-1,57
1,99;-10,45;-1,79
2,79;-10,72;-1,15
2,34;-10,71;-1,24
3,15;-11,57;-1,5
5,12;-13,16;-2,05
5,01;-13,47;-2,27
4,5;-13,24;-1,21
3,42;-12,79;-1,45
1,83;-11,52;-0,88
-0,12;-13,83;0,89
-2,6;-15,6;0,73
-3,68;-15,9;0,31
-1,74;-15,33;-0,2
0,12;-14,37;-2,87
1,27;-13,69;-1,12
1,22;-11,24;1,1
0,23;-9,36;1,68
0,04;-7,22;1,56
0,41;-4,89;1,69
-0,1;-3,35;1,7
-0,78;-2,15;1,39
-1,2;-1,47;0,9
-1,53;-1,37;0,57
-1,57;-2,12;0,57
-1,08;-3,53;-0,44
-0,1;-6,34;-4,13
1,8;-12,07;-9,07
2,62;-15,8;-13,48
3,51;-14,9;-14,31
4,46;-10,49;-10,49
3,15;-5,59;-7,8
2,72;-7,96;-4,95
3,48;-13,74;-1,99
1,26;-16,63;0,14
-2,19;-6,55;2
-6,57;-1,7;-1,84
-5,36;-5,3;1,92
-0,71;-10,98;8,63
4,97;-14,4;1,68
7,91;-10,28;2,52
5,14;-9,13;1,66
1,37;-8,75;0,35
-0,64;-7,27;-0,15
-0,56;-6,49;0,2
0,41;-7,16;0,64
0,83;-7,59;0,22
0,82;-7,7;0,11
0,52;-7,68;0,52
0,37;-8,36;0,34
0,66;-9,29;-0,27
2,15;-9,94;-1,05
2,67;-10,64;-1,38
2,21;-11,27;-1,27
3,21;-11,91;-1,37
4,58;-12,88;-2,22
5,22;-12,88;-2,09
5,67;-13,68;-0,58
4,56;-12,71;-0,6
1,68;-13,12;-1,91
-2,59;-14,14;-0,38
-3,23;-15,71;-0,16
-2,29;-15,72;0,38
-1,37;-15,69;-1,57
0,07;-15,01;-1,65
0,78;-13,49;0,51
0,64;-10,19;0,9
0,23;-8,15;1,45
-0,33;-6,95;1,48
-0,21;-5,3;3,1
0,11;-3,95;1,69
-0,01;-3,34;1,62
-0,91;-2,52;1,62
-1,73;-1,82;1,4
-1,91;-1,69;0,62
-1,07;-2,41;-0,98
0,25;-5,37;-6,47
2,13;-12,43;-9,95
1,59;-14,48;-15,95
-0,52;-8,72;-8,74
-1,49;-6,16;-7,38
-1,1;-10,17;-4,87
1,26;-14,85;-1,7
3,15;-11,18;-3,32
-0,52;-5,17;1,93
-3,9;-3,14;-1,33
-2,36;-8,05;3,49
1,93;-12,35;5,92
5,25;-11,53;2,78
5,04;-9,73;1,37
2,25;-9,79;1,42
0,02;-9,53;0,52
0,01;-7,35;-0,07
0,49;-6,56;-0,57
1,41;-7,02;0,36
1,47;-7,13;0,35
1,08;-7,49;-0,06
1,03;-7,89;0,26
0,84;-8,03;0,04
0,88;-9,04;-0,59
2,44;-10,17;-1,24
3,14;-11,03;-1,8
2,78;-11,31;-1,66
3,6;-11,91;-1,57
4,2;-12,98;-2,25
4,38;-12,82;-2,64
4,49;-12,33;-1,67
4,33;-11,59;-0,72
3,35;-11,45;-1,2
-0,2;-14,34;0,48
-3,39;-15,71;0,28
-4,22;-16,22;-1,07
-1,44;-15,85;-0,77
1,26;-16;-1,62
2,95;-14,45;-0,66
2,09;-11,87;1,39
1,17;-9,62;1,77
0,04;-7,92;1,77
-1,2;-6,43;3,66
-0,44;-3,98;2,66
-0,11;-2,15;1,35
-0,34;-1,68;1,27
-1,09;-0,91;1,39
-1,95;-0,96;0,95
-1,71;-1,76;0,54
-1,17;-4,43;-2,3
0,24;-11,17;-9,37
2,27;-15,35;-12,07
3,93;-14,33;-14,84
4,47;-10,22;-9,24
3,55;-6,79;-6,84
4,17;-9,49;-5,92
5,27;-14,51;-5,21
3,57;-17;0,04
-0,53;-6,86;3,69
-6,5;-1,87;1,02
-9,6;-4,51;-3,39
-3,89;-10,75;6,64
2,3;-14,67;4,64
#END#1363775995
-7,06;-1,26;-2,1
2,39;-9,48;1,11
-0,07;-8,87;0,51
0,14;-6,71;-0,32
1,04;-6,93;0,04
1,62;-7,12;0,18
1,08;-7,61;0,53
0,74;-7,76;0,33
0,79;-7,87;0,52
0,34;-8,52;0,14
0,6;-9,78;-0,41
2,36;-10,28;-0,93
2,88;-10,95;-1,88
2,97;-11,01;-1,97
4,63;-11,87;-1,46
5,01;-13,23;-1,73
4,9;-13,17;-1,61
4,93;-13,46;-0,36
4,45;-12,74;0,74
1,22;-12,58;-1,58
-3,51;-14,08;-0,49
-4,52;-16,01;0,83
-3,25;-15,79;1,13
-1,66;-15,63;-1,28
0,65;-16,24;-2,35
1,97;-13,93;-0,16
1,5;-10,33;1,12
0,84;-8,21;1,58
-0,13;-7,54;2,2
0,27;-4,41;2,69
-0,03;-3,31;1,67
-0,42;-2,51;1,69
-0,75;-1,96;1,65
-1,71;-1,26;1,34
-2,01;-1,68;0,79
-1,31;-2,64;0,05
-0,33;-4,71;-2,55
0,7;-11,77;-11,04
4,05;-15,65;-13,09
5,74;-14,19;-13,7
3,7;-8,18;-10,03
0,7;-3,76;-7,29
1,01;-7,8;-4,05
3,74;-13,67;-3,06
3,57;-15,28;-1,82
-1;-5,95;2,27
-6,39;-1,63;-2,38
-5,19;-5,27;1,54
4,39;-14,49;3,46
6,88;-10,77;2,08
4,87;-9,37;1,46
1,59;-9,29;1,61
0,43;-7,83;-0,53
0,38;-6,85;-0,64
0,78;-7,05;-0,16
1,02;-7,35;0,09
0,99;-7,8;-0,16
0,88;-8,11;-0,02
0,74;-8,03;0,57
1,01;-8,95;-0,02
2,33;-9,3;-0,15
2,86;-9,85;-1
2,06;-10,83;-1,88
2,71;-11,31;-1,91
4,67;-12,61;-1,02
5,17;-13,1;-2,13
5,26;-12,87;-1,17
5,04;-12,81;0,04
4,14;-11,82;-0,38
0,67;-13,24;-0,02
-2,58;-15,03;1,11
-3,26;-15,91;-0,15
0,48;-15,48;-2,03
2,59;-14,34;-0,69
2,25;-9,84;1,59
1,11;-8,1;1,53
-0,17;-6,8;2,12
-0,11;-4,45;3,09
-0,15;-3,42;1,89
-0,35;-2,38;0,8
-0,87;-2,14;0,79
-1,53;-1,53;0,61
-1,6;-1,92;0,1
-0,98;-3,22;-1,15
-0,39;-6,8;-6,76
1,37;-13,17;-11,46
4,02;-16,35;-14,14
5,09;-13,26;-12,46
3,69;-9,16;-7,41
2;-6,89;-7,5
3,86;-10,79;-4,94
3,71;-15,16;-0,31
1,84;-11,16;0,64
-3,57;-3,34;0,7
-7,58;-0,32;-3,33
-4,54;-5,54;3,91
1,12;-12,54;7,52
5,55;-13,64;2,18
7,33;-9,38;1,35
4,19;-9,1;1,01
1,44;-8,82;0,77
0,85;-6,7;0,23
0,22;-6,72;-0,79
-0,11;-7,24;0,48
-0,21;-7,81;0,02
-0,01;-7,81;0,3
0,25;-8,06;0,81
-0,08;-8,57;0,04
1,11;-9,53;-0,39
3,14;-10,22;-0,98
3,07;-10,93;-1,3
2,26;-11,15;-1,49
3,91;-11,9;-1,08
5,13;-13,13;-1,07
5,39;-12,96;-0,84
5,16;-13,17;-0,5
0,92;-12,64;-1,85
-3,61;-14,15;0,23
-4,61;-15,37;0,01
-3,77;-15,08;-0,05
-1,55;-15,01;-1,23
1,21;-15,66;-1,58
2,22;-13,29;0,15
1,63;-10,93;0,74
0,87;-8,72;1,15
0,33;-7,41;1,24
0,29;-4,95;2,52
0,13;-4,03;1,47
-0,07;-3,23;1,57
-0,64;-2,52;1,28
-1,78;-1,79;0,88
-2,45;-1,71;0,33
-1,76;-2,25;-0,18
-0,39;-4,25;-2,15
1,59;-10,61;-10,58
4,9;-15,07;-12,64
5,81;-14,24;-15,18
4,05;-10,87;-9,79
1,7;-5,95;-6,25
0,5;-6,58;-5,04
2,15;-11,34;-3,26
2,23;-15,44;-1,45
1,9;-13,57;-3,13
-1,96;-4,43;-0,28
-5,44;-0,54;0,04
-3,96;-4,87;0,91
1,83;-12,2;7,35
6,37;-14,44;2,75
7,12;-9,74;0,77
2,82;-9,48;-0,1
-0,17;-7,83;-0,16
-1,01;-7,08;-0,13
-0,01;-7,16;0,33
1,2;-7,93;0,9
1,34;-7,86;0,28
1,31;-8,08;0,52
1,17;-8,52;0,08
1,2;-9;-0,49
2,74;-9,63;-0,73
3,89;-10,09;-1,13
2,55;-10,61;-1,61
2,28;-10,75;-1,36
3,67;-11,56;-1,08
4;-12,59;-1,67
3,62;-13,09;-1,14
3,42;-12,98;-1,56
2,39;-11,89;-2,38
0,11;-12,77;-1,52
0,63;-9,45;0,23
0,86;-9,58;-0,19
0,89;-9,63;-0,1
0,86;-9,61;-0,14
1,04;-9,51;-0,21
1,73;-9,52;0,11
1,66;-9,6;0,26
1,63;-9,63;0,33
1,47;-9,69;0,42
1,4;-9,64;0,4
1,24;-9,6;0,43
1,1;-9,64;0,39
0,92;-9,73;0,37
0,8;-9,71;0,37
0,7;-9,67;0,35
0,6;-9,71;0,39
0,41;-9,81;0,39
0,09;-9,62;0,48
0,13;-9,71;0,11
0,49;-9,66;0,36
0,43;-9,55;0,33
0,12;-9,61;0,13
-0,14;-9,52;0,04
-0,31;-9,62;-0,24
-0,41;-9,58;-0,28
-0,52;-9,56;-0,16
-0,57;-9,64;-0,14
-0,63;-9,77;-0,17
-0,77;-9,89;-0,3
-0,75;-10,03;-0,51
-0,6;-10,08;-0,82
-0,4;-10,04;-1,03
-0,29;-9,98;-1,27
-0,34;-9,97;-1,54
-0,39;-9,96;-1,8
-0,3;-10,01;-2,12
-0,11;-10,02;-2,38
0,14;-9,95;-2,42
0,13;-9,79;-2,48
-0,14;-9,58;-2,48
-0,46;-9,37;-2,12
-0,29;-9,35;-1,97
0,18;-9,5;-2,18
0,7;-9,48;-2,02
0,88;-9,13;-2,06
0,74;-8,88;-1,98
0,32;-8,52;-1,55
0,03;-8,46;-1,19
0,07;-8,42;-1,46
0,09;-8,47;-1,8
-0,17;-8,55;-2,03
-0,38;-8,38;-1,98
-0,58;-8,55;-2,6
-0,63;-9,01;-2,9
-0,49;-9,51;-3,14
-0,03;-9,53;-3,74
0,94;-9,38;-3,96
1,8;-9,62;-3,08
2,13;-9,82;-2
2,12;-9,5;-2,03
2,22;-8,83;-1,96
1,04;-8,97;-0,32
-1,56;-9,77;-0,32
-3,66;-10,5;-1,49
-2,1;-10,03;-1,43
0,15;-9,76;0,7
1,63;-9,59;1,31
2,3;-9,63;0,81
1,79;-9,58;0,06
0,92;-9,53;-0,99
0,03;-9,45;-1,09
-0,31;-9,17;-1,09
0,21;-9,11;-0,98
1,11;-9,34;-0,52
1,72;-9,53;-0,38
1,92;-9,37;-0,27
1,83;-9,16;-0,46
1,7;-9,22;-0,42
1,22;-9,35;-0,65
1,18;-9,25;-0,52
#END#1363776008
1,77;-13,56;0,39
0,65;-8,85;1,63
0,09;-7,55;1,6
-1,02;-6,06;2,56
-0,68;-4,82;1,92
-0,46;-4,32;0,78
-0,72;-3,65;0,18
-1,51;-3,1;-0,06
-2,25;-2,89;-0,38
-2,11;-2,93;-1,12
-1,11;-5,05;-3,26
0,32;-9,92;-7,05
1,48;-14,73;-10,89
3,1;-15,27;-11,44
4,43;-11,86;-9,5
4,21;-7,23;-6,4
4,53;-12,64;-4,52
3,38;-16,09;-0,96
-4,32;-2,61;2,14
-9,56;-1,37;-2,12
-5,67;-6,02;2,61
0,54;-12,78;7,08
5,33;-14,66;2,49
7,53;-9,97;1,1
4,08;-9,46;0,52
1,07;-8,58;0,38
0,09;-7,46;0,34
0,64;-7,24;-0,47
1;-8,1;-0,15
0,78;-7,98;0,21
0,22;-8,14;-0,27
0,29;-8,49;-0,43
0,16;-8,65;-0,44
-0,23;-9,09;-0,61
0,5;-9,89;-0,11
2,28;-10,08;-0,74
2,49;-10,67;-1,5
3,17;-11,09;-1,54
4,26;-12,33;-1,41
3,98;-13,25;-2,15
4,23;-13,45;-1,53
4,42;-13,01;-0,38
3,84;-11,84;0,13
0,75;-12;-1,56
-2,88;-13,61;-0,28
-3,36;-14,55;-0,19
-2,58;-14,23;0,15
-0,64;-14,49;-1,38
1,53;-15,02;-1,92
1,72;-13,38;-0,01
1,37;-10,54;0,62
0,93;-9,21;1,48
0,21;-7,48;1,6
0,05;-5,09;2,64
-0,1;-4,19;1,47
-0,3;-3,62;0,58
-0,54;-3,22;0,05
-1,16;-3,06;-0,22
-1,93;-3,28;-0,48
-1,6;-3,89;-0,74
-1,09;-4,69;-2,32
-0,07;-8,16;-6,07
1,44;-13,85;-10,25
3,08;-16,69;-12,18
4,03;-14,48;-11,11
3,4;-8,87;-7,14
2,05;-4,78;-5,23
3,41;-13,69;-3,01
2,69;-16,62;-2,39
-0,83;-6,57;1,81
-5,46;-1,57;1,67
-8,12;-3,49;-2,45
-2,06;-8,52;5,04
3,77;-14,03;5,54
6,96;-10,94;1,48
5,17;-9,17;-0,15
1,43;-9,17;0,13
-0,51;-8,38;-0,47
0,42;-7,13;-0,11
1,84;-7,42;-0,21
2,1;-7,82;0,15
1,33;-7,79;-0,39
1,01;-7,67;-0,57
1,35;-7,88;0,21
1,27;-8,26;0,2
0,85;-9,21;0,15
2,35;-9,86;-0,61
3,71;-10,84;-1,76
3,79;-11,11;-1,7
3,5;-12,41;-1,69
3,24;-13,24;-2,64
3,79;-13,16;-1,75
4,15;-13,31;-0,69
3,28;-11,93;-0,79
0,08;-12,37;-3,24
-3,56;-13,47;-0,19
-3,21;-15,06;0,16
-1,49;-15,11;0,54
0,01;-15,95;-2,12
1,65;-16,11;-1,91
1,57;-13,21;-0,11
1,1;-10,52;1,5
0,57;-8,4;1,29
0,03;-7,3;2,37
0,01;-5,15;3,04
-0,22;-4,15;2,1
-0,57;-3,19;1,37
-1,11;-1,82;0,46
-1,79;-1,18;0,11
-1,78;-1,43;-0,26
-0,79;-2,38;-1,53
-0,01;-5,87;-7,16
1,24;-12,7;-11,16
3,91;-16,12;-13,98
4,6;-12,79;-12,73
3,53;-7,43;-7,65
2,51;-7,01;-6,25
3,96;-10,79;-4,41
3,63;-15,16;-0,84
2;-11,47;-0,84
-2,86;-4,15;1,88
-7,04;-1,54;-2,8
-5,32;-7,24;2,55
0,59;-12,68;6,66
5,01;-13,23;2,52
5,64;-10,04;0,25
2,69;-9,64;0,14
0,5;-8,79;0,45
0,5;-7,28;0,17
1,3;-7,35;-0,43
1,37;-7,87;0,19
0,75;-8,05;-0,05
0,57;-7,96;0,17
0,95;-8,28;0,34
1,19;-8,44;-0,11
0,87;-8,9;-0,37
2,74;-9,99;-1,18
4,5;-13,34;-0,81
4,13;-12,72;-0,75
1,3;-13,08;-2,04
-2,69;-13,79;-0,11
-2,94;-15,2;-0,14
-0,99;-14,88;0,22
0,84;-15,2;-1,64
2,15;-15,01;-2,26
1,97;-13,21;-0,16
1,35;-10,26;0,98
0,71;-8,04;1,32
-0,02;-6,96;1,5
-0,31;-4,87;2,94
-0,19;-3,96;2,17
-0,19;-3,62;1,12
-0,73;-2,36;0,67
-1,68;-1,66;0,46
-1,87;-1,72;0,46
-0,95;-2,92;-0,23
-0,08;-6,29;-5,74
2,52;-12,91;-10,6
5,05;-16,22;-14,05
4,43;-13,05;-12,74
2,81;-8,79;-7,32
0,98;-5,54;-5,92
1,58;-8,65;-4,11
2,69;-14,09;-3,19
2,53;-16,8;-2,64
0,1;-7,57;1,64
-3,79;-2,42;0,27
-4,13;-4,96;0,19
-0,17;-10,05;6,79
4,27;-13,15;2,26
5,64;-11,24;0,75
3,1;-10,48;1,2
0,11;-9,67;1
-1,37;-8,46;-0,91
0,79;-7,83;-0,23
1,84;-8,36;0,11
1,82;-8,38;-0,11
1,49;-8,11;-0,16
1,45;-7,8;0,23
1,43;-8,13;-0,07
1;-8,76;-0,33
1,23;-9,41;-0,46
2,98;-10,37;-0,91
3,5;-10,93;-1,39
3,46;-11,88;-1,71
3,1;-12,75;-2,55
3,08;-13,04;-3,29
4,17;-13,64;-1,5
4,53;-12,86;-0,67
2,74;-11,93;-1,22
-1,45;-12,57;-0,51
-3,23;-13,9;0,35
-2,55;-14,7;0,37
-0,85;-14,37;-0,11
1,07;-14,79;-2,15
2,38;-13,87;-0,67
2,17;-12,01;0,75
1,97;-9,67;1,04
1,16;-7,8;0,84
0,04;-6,08;2,17
-0,26;-4,86;2,2
-0,38;-4,16;1,56
-0,44;-3,53;0,79
-0,85;-2,86;0,45
-1,94;-2,32;0,04
-2,07;-2,33;-0,38
-1,29;-3,39;-1,47
-0,57;-6,47;-5,78
0,99;-13,01;-9,68
5,39;-13,24;-13,13
4,64;-8,75;-7,79
3,17;-7,94;-5,31
4,47;-11,21;-3,92
4,39;-15,37;-1,17
2,68;-11,22;-0,96
-7,96;-1,2;-1,11
-7,13;-8,15;0,03
-0,65;-13,19;6,77
3,77;-13,68;2,68
6,76;-9,77;0,88
4,24;-9,75;0,74
1,23;-9,35;0,62
0,58;-7,72;0,09
1,06;-6,81;-0,07
1,68;-7,44;-0,24
1,7;-8,02;-0,33
1,35;-8,02;-0,47
1,15;-8,03;-0,18
0,82;-8,32;-0,36
0,41;-9,13;-0,02
1,83;-10,09;-0,33
2,57;-10,66;-1,42
2,57;-10,62;-1,44
3,11;-11,29;-0,88
3,34;-12,93;-1,62
3,89;-13,47;-1,89
4,83;-13,9;-0,59
4,92;-13,22;0,11
2,59;-12,43;-1,11
-1,8;-12,88;-2,7
-4,58;-14,47;0,82
-3,51;-14,83;0,36
-1,56;-14,09;-0,11
0,6;-14,32;-2,96
2,32;-13,48;-1,22
1,97;-11,48;0,28
1,49;-9,25;1,64
0,66;-7,37;1,08
0,66;-5,71;1,74
-0,1;-4,27;1,7
-0,13;-3,53;1,24
-0,24;-3,5;0,5
-0,71;-2,93;0,31
-1,74;-2,58;-0,05
-1,9;-2,87;-0,3
-1,23;-3,84;-1,47
0,36;-6,76;-6,72
2,46;-13;-11,17
4,14;-16,26;-13,89
4,9;-13,77;-12,23
3,77;-9,48;-7,67
1,9;-5,07;-7,17
1,96;-8,55;-4,58
1,75;-14,04;-2,38
0,8;-16,79;-3,43
-1,08;-7,02;0,52
-4,85;-2,11;1,5
-5,58;-3,76;-0,5
-1,48;-10,23;7,6
4,52;-14,65;4,87
6,64;-10,85;1,7
4,11;-9,13;-0,1
0,91;-9,09;0,74
0,2;-8,15;0,02
0,85;-7,3;-0,44
1,85;-7,81;0,29
2,03;-8,14;0,02
1,49;-7,62;-0,22
1,28;-7,55;0,26
1,68;-7,79;0,6
1,27;-8,14;0,54
1,59;-8,94;0,21
3,06;-9,62;-0,69
#END#1363776019
2,81;-10,55;-1,76
4,41;-11,97;-0,9
4,21;-12,9;-1,93
4,47;-13,24;-0,89
4,47;-13,17;-0,38
3,47;-12,41;-0,67
0,41;-13,3;-2,9
-3,21;-14,61;-0,11
-3,43;-15,48;0,33
-1,73;-14,86;1,06
0,13;-14,69;-1,83
1,83;-14,71;-1,76
1,57;-12,96;0,1
1,14;-9,79;1,28
0,66;-7,84;1,45
0,19;-6,68;1,52
0,03;-4,89;2,59
-0,06;-4,08;1,79
-0,41;-3,14;1,21
-0,85;-2,54;0,91
-1,47;-1,43;0,43
-1,46;-1,52;0,32
-0,73;-2,27;0,11
0,05;-4,96;-3,37
0,9;-12,25;-11,35
4,45;-15,89;-13,69
6,15;-13,43;-13,45
4,29;-7,33;-8,61
0,98;-4,47;-6,15
1,48;-8,47;-3,55
3,47;-14;-2,85
3,71;-15;-4,16
-0,01;-5,55;1,54
-4,87;-1,02;1,19
-5,97;-2,91;-1,48
-2,36;-8,55;5,54
3,14;-14,04;5,62
6,27;-12,33;1,58
5,32;-9,89;-0,36
2,45;-9,02;0,22
0,52;-8,21;0,22
0,66;-7,18;0,05
1,08;-7,45;0,11
1,03;-7,9;0,09
0,67;-8,08;0,03
0,41;-7,95;-0,24
0,42;-7,98;-0,39
0,34;-8,54;-0,08
0,78;-9,52;0,17
2,68;-10,14;-0,91
3;-11,19;-2,33
2,95;-11,52;-2,4
3,68;-11,9;-2,42
4,3;-12,58;-2,5
3,65;-13,17;-0,69
0,52;-7,81;-1,38
0,55;-8,25;-1,01
0,35;-8,1;-0,78
0,59;-7,88;-1,46
0,73;-8,27;-1,57
0,57;-8,87;-1,66
1,37;-9,47;-1,81
2,35;-10,59;-1,99
2,36;-11,5;-2,6
2,7;-11,74;-3,62
3,55;-11,22;-3,27
2,91;-11,88;-2,8
1,54;-12,82;-1,63
1,23;-12,66;-0,6
1,31;-13,19;0,61
0,23;-12,84;0,59
0,88;-13,1;0,17
2,62;-14,02;-0,29
3,06;-12,76;2,4
2,51;-9,71;2,65
1,21;-7,87;3,22
-0,22;-7,24;2,37
-1,5;-6,55;0,76
-2,12;-5,4;0,39
-2,12;-5,58;0,68
-2,49;-6,21;0,06
-2,71;-7,65;0,06
-2,24;-8,85;-1,11
-1,38;-10,6;-7,1
-0,83;-10,24;-11,46
2,9;-7,58;-4,17
9,04;-8,41;-0,17
11,84;-13,35;3
7,32;-15,52;0,39
0,71;-9,66;4,24
-8,49;-4,92;-2,85
-8,27;-4,56;0,57
-2,45;-8,4;2,84
2,96;-13,53;5,12
5,84;-12,73;1,57
2,97;-10,98;0,57
-0,21;-9,76;1,28
-1,46;-9,86;0,87
-0,51;-9,75;-0,13
0,83;-9,49;0,01
1,24;-8,89;-0,16
1,51;-8,09;-0,16
2,28;-7,84;-0,26
2,6;-8,59;-0,08
2,31;-9,09;0,56
2,5;-8,83;1,5
2,69;-9,11;1,49
2,59;-9,4;0,99
2,67;-9,84;0,34
3,8;-10,15;1,04
4,3;-10,75;1,15
3,39;-11,02;0,22
1,58;-11,2;-0,5
0,83;-11,23;-0,7
0,84;-12,33;-1,24
0,46;-13,01;-0,79
-0,74;-14,19;0,54
-1,9;-15,12;0,57
-1,39;-14,88;-1,09
0,44;-13,3;-0,96
0,55;-12,18;1,16
-0,89;-11,52;0,96
-2,44;-11,34;0,05
-2,73;-10,24;-0,5
-3,28;-8,82;-1,3
-2,98;-7,47;-1,78
-1,79;-6,45;-1,4
-0,77;-5,9;-0,25
-0,17;-5,28;0,09
-0,21;-4,56;0,04
-0,43;-4,19;-0,31
-0,38;-4,3;-0,99
0,59;-4,68;-2,72
2,16;-6,95;-5,34
4,28;-13,24;-7,95
7,18;-16,39;-9,1
6,91;-12,33;-9,38
3,04;-8,85;-7,94
-0,11;-10,8;-2,71
-2,43;-15,17;1,02
0,96;-10,47;-1,39
1,26;-7,26;3,14
-1,81;-5,47;3,06
-3,1;-8,07;1,98
-1,06;-12,66;2,46
1,38;-12,34;-0,1
1,63;-10,85;0,13
1,01;-9,7;0,23
0,9;-8,46;0,03
1,4;-7,79;1,09
2,51;-8,04;0,75
3,55;-8,52;0,7
3,52;-9,03;0,09
3,36;-9,73;-1,07
3,51;-9,84;-1,88
2,99;-9,49;-1,66
2,38;-9,97;-1,82
2,31;-11,36;-2,15
3,06;-12,77;-2,07
2,8;-13,49;-1,38
1,28;-13,07;-2,79
-0,22;-12,37;-5,32
-2,47;-11,65;-4,52
-1,64;-10,75;1,92
0,39;-12,06;0,72
2,89;-11,24;-1,01
3,97;-9,71;-1,69
3,85;-7,81;-1,82
2,6;-7,12;-1,85
1,4;-6,73;-1,59
0,97;-6,28;-1,06
0,89;-5,73;-0,47
0,36;-5,09;-0,92
-0,32;-4,38;-1,76
-0,79;-3,96;-2,65
-0,65;-4,38;-3,5
0,23;-5,46;-4,33
1,02;-7,25;-5,48
2,27;-11,65;-6,74
3,73;-13,55;-8,04
4,54;-13,25;-7,71
3,95;-14,11;-8,23
3,56;-15,99;-6,62
1,17;-15,97;-2
-0,71;-8,97;1,15
-2,5;-3,69;0,28
-4,08;-3,6;2,4
-4,31;-8,85;0,64
-2,22;-14,19;2,45
0,3;-12,86;2,41
0,34;-10,44;0,96
-0,05;-9,01;0,83
0,31;-9,65;0,92
1,14;-9,92;0,94
2,15;-9,94;1,24
3,19;-10,4;1,55
3,09;-10,2;1,11
2,48;-9,42;1,56
1,94;-9,17;1,75
1,26;-9,18;1,5
0,73;-8,72;1,46
0,64;-8,25;1,46
1;-8,33;1,7
1,7;-8,56;1,74
2,93;-8,76;1,55
4,03;-9,08;0,64
4,49;-9,07;-1,18
4,68;-8,94;-2,46
4,44;-8,88;-2,59
3,3;-9,09;-2,22
1,98;-9,94;-1,18
0,67;-10,8;-0,51
-0,16;-12,17;-2,61
-2,32;-12,32;-2,73
-4,53;-12,65;-2,07
-4,57;-14,32;1,92
-0,04;-16,12;3,61
3,78;-17,03;0,36
3,94;-14,72;2,19
2,11;-12,41;0,96
0,97;-9,87;0,5
0,47;-7,61;0,37
0,04;-5,07;-0,32
-0,58;-3,05;-0,04
-1,16;-1,54;-0,02
-1,62;-0,84;-0,09
-2,02;-1,56;-0,51
-1,74;-3,72;0,08
0,22;-9,08;-1,54
6,41;-14,31;-10,53
5,3;-11,01;4,67
-1,06;-5,35;8,82
-5,27;-1,24;6,24
-5,18;-6,68;-6,65
-4,65;-13,11;3,06
-0,05;-14,11;3,45
4,65;-11,76;-1,03
5,79;-9,26;0,6
4,31;-7,84;2,22
3,2;-7,55;1,65
2,15;-8,39;-0,84
1,41;-8,78;-1,37
1,78;-8,57;-1,47
2,85;-7,74;-0,8
4,08;-6,92;-0,53
5,05;-8,03;-0,91
4,2;-9,45;-0,92
1,45;-9,15;-2,49
-0,55;-8,45;-4,11
0,46;-9,04;-4,11
1,92;-13,36;-3,48
4,17;-16,44;-2,54
3,94;-12,42;-0,08
2,25;-7,61;-1,49
0,66;-4,45;-0,93
0,71;-4,77;-0,1
1,6;-7,04;-0,99
1,9;-7,05;-0,76
2,31;-5,82;-0,65
3,6;-5,18;-2,69
7,7;-10,72;-7,6
13,62;-8,14;-12,9
8,56;-4,15;-4,41
0,8;-5,24;-1,59
-1,72;-1,93;-2,79
-1,51;-3,21;-7,15
0,37;-6,57;-9,5
2,02;-7,84;-5,38
2,29;-7;-4,26
1,8;-6,14;-6,28
1,78;-5,91;-4,97
3,64;-6,05;-5,93
5,1;-5,99;-5,12
5,64;-5,36;-5,22
5,26;-3,9;-6,31
4,6;-1,09;-8,8
2,45;1,63;-11,36
3,94;1,24;-14,51
8,25;-0,11;-17,02
7,45;-6,51;-17,62
3,68;-5,51;-11,87
1,79;-2,48;-10,26
0,87;-2,2;-9,14
2,6;-3,28;-9,54
3,29;0,37;-11,14
2,06;3,03;-9,65
1,74;0,76;-7,52
3,21;-0,95;-6,42
4,99;-2,77;-7,81
6,2;-2,69;-9,82
5,76;-1,57;-9,67
4,53;-1,12;-7,42
4,17;-1,6;-6,02
5,31;-2,52;-6,37
6,23;-2,26;-7,61
5,21;-0,79;-11,25
3,61;-0,33;-11,51
2,15;-1,87;-10,5
1,76;-2,79;-9,63
1,96;-2,46;-9,33
1,7;-1,79;-9,78
2,07;-1,17;-10,3
3,32;-1,15;-9,62
4,2;-1,78;-8,32
5,75;-1,38;-8,26
6,57;-1,4;-8,21
6,07;-2,36;-7,97
5,66;-3,23;-7,97
5,25;-2,48;-7,56
4,65;-1,92;-7,65
0,69;-2,47;-7,77
-1,18;-4,41;-8,71
-0,57;-6,44;-10,07
1,19;-5,75;-10,23
2,67;-4,68;-10,34
2,83;-4,51;-8,39
1,71;-4,9;-8,5
1,07;-6,07;-8,58
1,59;-7,37;-5,63
3,99;-9,14;-4,56
5,71;-9,21;-7,86
8,29;-6,37;-3,07
6,41;-7,46;-11,3
7,02;0,96;-15,42
9,33;6,04;0,44
13,38;3,99;-3,58
10,91;8,11;-11,56
7,84;6,3;-15,54
5,59;2,73;-17,54
-0,78;0,13;-17,15
-3,07;-2,41;1,2
3,37;-1,22;10,37
5,15;-1,87;12,29
4,83;-1,13;10,06
3,34;-0,25;13,35
1,74;2,24;14,88
0,22;3,46;15,7
-0,6;2,94;14,95
-1,17;-0,15;11,39
-0,86;-3,02;7,99
-0,35;-3,76;6,36
-0,56;-2,45;6,17
-1,03;-0,94;7,71
-1,76;-0,27;9,97
-2,33;-1,8;8,6
-1,85;-3,05;8,37
-1,24;-3,12;8,94
-0,73;-2,92;7,7
-0,61;-2,56;7,75
-0,21;-3,2;9,99
0,1;-3,76;11,7
0,45;-2,09;11,23
0,29;-0,79;10,29
0,68;-0,28;7,89
0,99;-0,28;6,52
0,84;-1,31;9,61
0,89;-1,37;12,08
1,7;-1,4;10,27
2,3;-0,5;6,09
2,12;-0,4;5,3
2,03;-0,27;9,33
1,65;-0,06;10,61
0,93;-0,14;11,53
0,69;-0,62;10,63
1,21;-0,23;9,48
0,82;-0,01;9,72
0,4;-0,07;10,28
0,68;-1,12;10,41
0,82;-1,35;11,03
0,99;-1;9,64
1,42;-0,93;8,69
1,64;-1,26;9,64
1,57;-1,58;9,94
0,95;-1,06;10,93
0,77;-0,73;11,35
1,37;-0,77;9,05
-0,34;-1,86;7,14
1,12;-1,77;8,36
3,51;-2,1;8,61
4,04;-0,78;10,57
2,23;-1,41;9,4
1,08;-1,92;9,04
2,09;-2,15;10,74
1,33;-2,3;10,13
1,24;-1,72;9,67
-0,25;-0,77;9,51
-0,53;0,23;7,64
-0,31;2,05;8,71
-0,84;2,07;9,98
-1,45;1,2;11,54
-1,01;1,47;13,23
-1,01;1,08;11,92
-1,01;0,2;10,21
-0,57;-0,33;7,39
-2,4;-1,81;12,4
-2,1;-2,08;11,7
-2,65;-1,32;12,23
-1,49;-0,39;15,48
-0,67;-0,44;11,51
-0,19;-0,01;10,12
-0,34;-0,01;9,61
-0,41;0,17;9,92
-0,34;-0,11;10,26
0,19;0,43;10,01
0,72;0,94;9,92
1,04;1,02;9,82
1,09;0,83;9,73
1,17;0,77;9,77
0,52;0,51;9,89
0,21;0,34;9,88
0,07;0,25;9,8
0,01;0,17;9,8
0,02;0,2;9,81
-0,02;0,22;9,9
-0,03;0,16;9,93
-0,04;0,24;9,76
-0,03;0,23;9,82
-0,03;0,2;9,77
-0,03;0,16;9,73
-0,03;0,16;9,76
0,03;0,1;9,88
-0,1;0,34;9,35
-0,04;0,24;9,39
-0,1;0,25;9,57
-0,13;0,27;9,84
-0,05;0,21;9,77
-0,05;0,15;9,64
-0,02;0,18;9,76
-0,02;0,24;9,81
0,02;0,23;9,79
0,02;0,17;9,66
-0,02;0,13;9,77
0,04;0,16;9,8
0,04;0,17;9,88
0,06;0,17;9,84
0,05;0,07;9,7
0,04;0,09;9,73
0,05;0,08;9,77
0,06;-0,02;9,8
0,07;0,18;9,72
0,01;0,36;9,68
-0,03;0,33;9,76
-0,04;0,28;9,81
-0,01;0,23;9,86
0,01;0,17;9,91
-0,03;0,29;10,04
0,02;0,18;9,53
0,03;0,19;9,72
0,03;0,21;9,76
0,02;0,18;9,81
-0,03;0,19;9,79
-0,04;0,18;9,82
-0,01;0,18;9,81
-0,01;0,17;9,78
-0,06;0,18;9,71
#END#1363776029
-0,11;0,33;9,82
-0,04;0,34;9,68
0,03;0,14;9,78
-0,03;0,14;9,88
-0,03;0,18;9,9
-0,03;0,13;9,82
0,02;0,15;9,75
-0,02;0,18;9,87
-0,07;0,21;9,84
-0,04;0,18;9,82
-0,05;0,18;9,79
-0,05;0,21;9,71
-0,02;0,03;7,65
0,04;0,08;8,44
-0,01;0,1;9,23
0,02;0,13;9,56
-0,01;0,15;9,72
-0,03;0,16;9,8
-0,02;0,19;9,89
0,06;0,18;9,4
0,11;0,17;9,44
0,07;0,17;9,67
0,05;0,17;9,87
0,11;0,07;9,99
0,17;-0,19;9,98
0,14;-0,04;9,79
0,04;0,07;9,86
-0,04;0,34;9,77
-0,09;0,5;9,86
-0,12;0,49;9,86
-0,03;0,33;9,85
0,02;0,15;9,81
-0,02;0,15;9,83
-0,15;0,29;9,92
-0,09;0,24;9,73
-0,01;0,18;9,84
-0,01;0,14;9,72
0,03;0,16;9,76
0,02;0,2;9,85
0,02;0,17;9,85
0,02;0,14;9,78
0,03;0,14;9,79
0,03;0,18;9,74
0,03;0,18;9,81
0,01;0,2;9,72
0,03;0,15;9,72
0,05;0,13;9,76
0,04;0,12;9,83
0,07;0,15;9,79
0,07;0,09;9,84
0,03;0,21;9,85
0,01;0,18;9,79
0,02;0,16;9,81
-0,01;0,19;9,89
0,01;0,22;9,85
0,02;0,16;9,79
-0,02;0,15;9,82
-0,02;0,12;9,79
-0,01;0,18;9,83
0,02;0,2;9,82
0,02;0,17;9,82
-0,01;0,18;9,84
0,01;0,16;9,81
0,01;0,19;9,78
0,01;0,21;9,84
0,01;0,2;9,8
0,01;0,18;9,88
0,02;0,18;9,84
0,03;0,17;9,86
0,04;0,2;9,8
-0,01;0,19;9,84
0,01;0,22;9,84
0,04;0,18;9,74
0,04;0,2;9,84
-0,02;0,2;9,78
-0,03;0,19;9,73
-0,01;0,16;9,78
-0,01;0,16;9,77
-0,01;0,19;9,83
-0,04;0,21;9,83
0,03;0,19;9,78
0,06;0,18;9,8
0,04;0,19;9,82
0,01;0,2;9,86
-0,15;0,3;10,95
-0,01;0,28;9,74
0,06;0,23;9,44
0,01;0,24;9,97
