-10.40033
-10.240728
-10.402981
-10.365813
-10.272883
-9.918049
-9.556994
-9.47872
-9.531368
-9.507939
-9.75705
-10.034767
-9.959253
-10.070515
-10.322348
-10.281275
-9.958526
-9.819286
-9.63157
-10.242208
-10.4416
-10.660064
-10.131069
-10.126765
-10.683306
-12.430746
-14.365514
-11.994845
-12.142596
-12.012563
-11.510284
-11.6354685
-11.75751
-11.656847
-11.362151
-11.480805
-11.651177
-11.994148
-12.187142
-12.54096
-12.830751
-13.073332
-13.610923
-14.431447
-14.572053
-15.756845
-20.927883
-19.572863
-19.249231
-18.13047
-17.153482
-16.130049
-15.445814
-15.857302
-17.363379
-17.231718
-17.018675
-17.521864
-17.407635
-16.607857
-15.904053
-15.15146
-14.512356
-14.15608
-14.106465
-13.760313
-13.865887
-14.116365
-13.707942
-13.555674
-13.3899145
-12.92489
-13.594764
-14.340252
-14.48751
-15.037034
-15.604338
-16.691616
-17.349764
-18.339607
-21.042507
-15.921207
-15.41509
-14.946908
-14.96453
-14.43086
-14.1529255
-13.885032
-13.695658
-13.832549
-13.998126
-14.178184
-14.373664
-14.66034
-15.0313835
-15.478009
-15.872439
-16.847612
-17.024965
-17.56313
-17.559755
-18.15241
-21.2272
-19.84017
-18.710419
-18.546658
-16.79054
-15.387496
-14.911163
-15.539319
-14.170254
-13.798724
-13.891521
-14.7423115
-14.703449
-14.204728
-13.480845
-13.073964
-12.981617
-12.978999
-13.081339
-12.962773
-12.627841
-12.356922
-11.629197
-10.743427
-10.351273
-10.372847
-11.38649
-12.698599
-14.12307
-15.85567
-17.485788
-19.741877
-21.931097
-14.690735
-14.188662
-13.844638
-13.571568
-13.299152
-12.903493
-12.9147625
-12.664778
-12.758297
-12.863209
-12.937042
-13.058019
-13.221903
-13.383081
-13.573834
-13.759562
-13.95444
-14.115374
-14.242784
-14.495023
-14.801753
-14.983764
-15.222014
-15.368399
-15.197986
-15.508062
-16.908989
-22.07176
-20.962465
-18.317135
-15.063631
-12.905657
-11.28382
-11.780969
-12.411908
-12.172402
-11.388335
-12.09293
-12.340161
-11.675569
-11.078927
-10.709632
-10.864206
-10.860918
-10.7857275
-10.454443
-10.077783
-9.590129
-9.170626
-8.627
-8.472362
