6.0525417
6.081272
5.9280434
4.3957543
2.7102363
2.5953147
2.2601264
0.39264908
-0.8331822
-1.8004397
0.10534488
-0.20111294
-0.19153613
-0.6799533
-1.1300632
-1.0247183
0.6607997
-0.38307226
-1.6472107
-1.436521
-1.9057846
0.22984336
-1.2641385
-0.49799395
-1.3982137
-0.7374141
-1.685518
-0.8331822
-1.0726024
-1.2354081
-1.043872
-1.1204864
-0.79487497
-0.6799533
-0.8714894
-1.0726024
-0.8810662
-0.545878
-0.91937345
-0.79487497
-0.7757214
-0.58418524
0.095768064
0.21068975
0.11492168
0.5746084
1.6089035
1.1013328
-0.36391866
-0.29688102
0.15322891
0.641646
0.45968673
1.13964
1.4939818
-1.2737153
1.3790601
-0.6991069
-0.7086837
-1.1779473
1.2066777
0.7565677
-0.15322891
-0.22026655
-0.23942018
1.7908629
0.8331822
2.0398598
-2.9783869
-2.882619
0.89064306
-0.02873042
-0.46926352
-0.8331822
0.59376204
1.6184803
2.2218192
-3.4763808
-1.5897499
3.3997664
-2.4899697
1.1779473
0.35434186
-0.08619126
-0.06703765
0.047884032
1.13964
1.9919758
2.9592333
-3.3901896
-0.50757074
1.9536686
-0.91937345
-1.6089035
-2.078167
-0.5554548
1.1204864
3.8402996
-3.572149
-1.7908629
0.5267244
-0.58418524
0.6991069
1.4269443
-0.17238252
-0.4405331
-0.30645782
0.38307226
2.078167
1.7908629
-3.8307228
-0.2777274
1.1204864
-1.283292
-0.842759
-0.58418524
-0.076614454
1.8100165
1.7429788
-5.0182467
-1.0726024
3.7924154
-1.5897499
0.22984336
0.31603462
0.63206923
-0.48841715
-0.29688102
1.4460979
1.1875241
4.2042184
-1.2737153
-1.0055647
1.7621324
-0.23942018
-0.8714894
-2.1930888
-1.8770541
-0.05746084
3.8115692
-0.89064306
-0.58418524
-1.4077905
1.6089035
-1.1204864
0.047884032
-0.4405331
-0.6991069
0.61291564
0.90979666
2.2984335
3.3997664
-2.4037786
-0.89064306
0.91937345
-0.6703765
-0.79487497
-2.2409728
-1.0247183
0.6799533
3.4476504
-2.3750482
-1.8674773
0.6991069
1.5227122
-0.7374141
0.23942018
-0.076614454
-0.6512229
-0.33518824
0.6703765
2.2888567
2.27928
0.80445176
-2.7868507
1.2354081
0.076614454
-0.19153613
-1.6567876
-2.2026656
-0.78529817
3.3997664
2.0973208
-5.046977
-2.72939
5.305551
-2.0398598
-0.1340753
0.47884035
-0.019153614
0.047884032
-0.58418524
-0.076614454
2.1068976
3.7253778
-2.0207062
-0.24899697
-0.009576807
-0.4405331
-0.61291564
-1.9440918
-1.043872
1.7429788
2.6240451
-2.633622
-2.6431987
-1.0342951
0.9864111
-0.5746084
1.6567876
0.18195933
-0.1340753
-0.12449849
0.11492168
1.4556746
2.3750482
-0.20111294
-3.6008794
-0.7182605
-0.61291564
-1.5801731
-0.90979666
-0.51714754
0.35434186
1.5131354
1.5897499
-3.8307228
-2.4708161
5.6790466
-1.7908629
1.043872
0.02873042
1.1971009
0.40222588
-0.31603462
0.41180268
0.6512229
2.633622
-0.5267244
-2.8060043
0.40222588
0.095768064
-0.37349546
-0.5746084
-1.043872
0.095768064
0.6607997
1.9728222
-4.232949
-0.6895301
2.27928
-0.50757074
-0.19153613
0.51714754
1.5131354
0.39264908
-0.39264908
0.2873042
0.30645782
1.1779473
0.076614454
-3.6296098
-2.135628
-2.4995465
-0.63206923
-0.79487497
-0.46926352
-1.4556746
-1.0821792
-1.1300632
-1.4556746
-1.1013328
-1.5897499
-1.3215994
-0.50757074
-1.0534488
-0.80445176
-1.0726024
-1.1204864
-0.9672575
-0.7757214
-0.38307226
-1.5897499
-1.2449849
-0.8810662
-1.0151415
-0.51714754
-0.63206923
-0.5650316
-0.02873042
-0.49799395
-0.22984336
0.06703765
0.6512229
1.043872
1.4748282
1.4556746
2.3558946
2.1547816
1.5131354
2.1930888
2.4420857
3.3135753
4.185065
5.765238
5.353435
5.7365074
5.315128
4.012682
4.8458643
5.765238
6.540959
7.086837
6.0716953
6.579266
6.291962
6.1770406
6.4260373
6.2249246
6.0046577
5.861006
6.1770406
6.042965
6.215348
6.2249246
6.157887
6.2632318
