283.35852
284.04147
284.89172
306.8354
325.87866
347.6989
11.137663
37.504997
47.281414
43.0545
33.41452
26.572014
23.008636
23.752296
24.597174
23.13133
21.802374
19.17655
18.225538
17.410255
13.562954
13.64493
11.465728
9.874618
10.187088
11.027231
9.98747
9.554767
8.637035
9.202761
8.1094
8.271141
7.901728
8.88862
8.710249
8.826109
9.158718
12.529068
11.148217
11.47074
12.216767
13.711572
14.3895235
9.301388
355.92203
335.53558
315.13562
298.06357
291.32147
294.08755
306.0097
319.13312
330.5279
336.33508
338.6349
340.49142
339.74426
339.97687
347.17053
357.07813
2.06219
8.057805
12.186454
16.528175
22.697523
27.57913
25.722605
10.850482
337.9219
304.29575
289.35873
274.7652
287.2905
330.5186
351.4116
356.6761
356.14365
357.625
355.81723
357.65155
355.1944
358.90485
1.7456188
6.930039
10.803086
17.911728
21.003742
20.97819
5.5833354
328.57614
297.27844
288.4564
286.85297
300.49377
327.19788
341.16272
348.07928
337.65842
344.31802
343.2539
348.69293
344.0781
349.4525
352.27188
354.9414
359.6229
6.9345636
10.423489
8.04087
350.1993
318.98303
298.1334
288.26987
286.54303
289.92108
296.37656
307.87115
314.74683
304.39005
317.84808
314.34787
324.6932
327.9262
334.10168
335.5903
339.82983
342.91147
349.6792
354.72446
351.00604
331.69495
298.6796
281.7191
273.24728
271.25882
269.22803
272.44437
279.32214
282.44196
270.97427
270.24234
263.682
282.76984
290.2882
303.67657
314.07214
323.82202
327.5389
335.5811
332.94327
320.5772
286.4191
254.12656
243.04553
239.805
238.20355
235.75244
233.63718
237.42067
229.24858
222.91953
224.8771
212.21474
215.12137
266.8541
14.352113
14.482819
21.634142
27.40586
34.28078
48.32199
56.40573
104.96037
203.61948
199.35252
200.88065
199.71269
196.76688
189.7391
176.2011
155.77136
140.21002
144.72932
109.946815
113.69427
76.17547
65.763885
61.738518
58.86379
59.34796
61.88687
65.80472
72.18277
83.9639
101.066864
152.92867
164.61786
166.6288
161.04399
151.37144
130.61209
105.18958
97.58724
101.33236
80.43664
72.982635
59.419647
48.017963
48.045765
45.136562
47.3226
51.944244
55.93463
61.59265
66.630554
74.270325
80.174225
113.090546
130.65855
133.67268
125.15405
113.75492
91.935425
73.33352
69.20135
66.71434
57.13234
55.94199
37.795937
34.437214
32.709026
33.509758
38.827606
43.562744
50.25714
55.89679
62.001617
66.9986
76.058075
101.38486
111.40388
111.41185
100.8552
86.08014
69.05506
57.01506
51.249565
49.292706
45.011574
45.876087
36.428627
32.422874
30.15103
29.829878
34.966545
38.67478
44.318237
50.215607
55.683838
60.1344
64.13776
73.723816
83.25632
87.023346
87.01222
82.83399
78.8026
77.08605
74.88355
72.68742
71.19888
70.67117
69.55574
71.796
71.405365
71.01393
70.641945
70.59753
70.305664
69.46149
69.68759
69.57129
68.61518
67.18045
67.834984
67.31907
67.029144
68.10699
68.009445
64.088005
58.316345
53.565308
42.92725
32.817616
34.503864
36.14354
42.663353
49.312897
48.770916
43.466434
38.591198
26.54678
3.4901361
340.97452
323.74252
325.73386
345.56635
18.785788
24.521055
10.557919
357.7828
342.6547
355.1998
10.438523
12.53722
14.604676
15.356455
17.001375
18.168594
18.828184
17.265162
17.117382
15.370876
15.165899
14.749621
14.308457
14.649656
