86.10771
86.47222
38.10389
26.615984
18.770416
12.221588
6.1736684
0.28989702
-3.8035173
-5.0278263
-4.3155203
-4.3771553
-4.678376
-5.3433867
-5.6343646
-5.613021
-5.5305257
-5.206435
-5.526312
-5.816211
-5.4947133
-5.9286447
-5.8006024
-5.7788324
-6.1119704
-6.478411
-6.43979
-6.5508695
-6.5507526
-6.5919175
-6.4687386
-6.3763084
-6.29369
-6.2105546
-6.109792
-6.0261765
-6.0209284
-6.306921
-6.174801
-6.248153
-6.5051594
-6.9732943
-7.2960815
-6.6020317
-4.495202
-1.3745761
1.9583538
4.659127
5.2118726
4.391596
4.1645246
4.24344
3.7769358
3.5454152
3.5692167
3.0668428
2.8147085
3.6398647
3.0130875
1.5598739
0.71175975
-0.5203726
-1.6931227
-3.004876
-5.1367755
-7.1812763
-7.377095
-4.4793105
-0.87237674
1.7476356
4.734858
5.634023
5.612569
4.9463983
4.273688
3.0252864
2.5563943
1.3311487
1.0311182
0.37798938
0.6045172
-0.76376677
-1.572872
-2.7062514
-4.001472
-6.248624
-7.765441
-8.207595
-5.345587
-1.6983912
1.7859915
5.5919857
6.5994177
6.571586
5.634976
4.7014503
3.063415
4.523982
2.3711147
1.5563182
0.6272349
1.5272657
-0.02325797
-0.9535544
-1.9338716
-3.5284479
-5.9433155
-7.649384
-8.00531
-4.9734015
-1.8817028
0.30464655
3.1018445
5.028401
5.9572887
5.939684
5.45591
3.797694
4.458291
2.0356634
1.3023661
1.0042274
0.24982388
-1.2054201
-1.7671565
-2.7973745
-3.9967792
-6.3355565
-8.55391
-8.937038
-6.607902
-2.9600873
-0.7162325
2.8129613
4.8550043
5.9833217
5.3991256
4.8852305
2.512208
4.500152
4.910993
3.0647466
1.3504479
1.584114
-0.47467175
-1.5451503
-3.0992157
-4.6250663
-6.679163
-7.871588
-8.254348
-5.5046005
-1.8102486
0.8202887
4.0181556
5.960117
6.883183
6.209172
5.5945
3.3729293
4.48398
4.84426
3.0399382
2.110383
2.2503552
0.18280333
-0.7767384
-1.992604
-3.0003593
-4.4578524
-6.4388003
-7.0457306
-6.3089023
-3.4661267
-1.0274556
1.747797
3.9392126
5.6867867
5.9733715
4.993449
4.0840435
3.005208
5.0897202
2.7677944
1.0873158
0.45043525
-0.1647487
-1.7548908
-2.4148405
-3.196275
-4.1087246
-5.6977525
-7.0558834
-7.1660066
-4.7003036
-1.3777571
0.90877205
3.517999
5.2201138
6.264725
5.2608604
4.4345264
3.5806458
5.8111777
5.7226005
3.3154473
3.834151
2.7829962
1.0343562
0.4970993
-0.43656036
-1.670475
-3.1872098
-5.0845346
-6.881231
-6.7951612
-2.9372892
-0.05278417
2.7696195
4.6937313
5.9705005
6.457948
5.876203
5.4408937
4.5519824
5.798559
4.190369
5.888324
5.0134606
4.5713587
3.1903787
2.0758514
0.35180092
-0.9447957
-2.7888908
-4.6185317
-5.958018
-5.6101193
-2.4781232
-1.668568
0.098479524
1.9277623
3.9191647
5.559197
5.662722
5.48216
4.841802
5.994469
4.839824
3.3499327
3.6799762
3.7059736
2.7223604
2.0828366
1.061618
0.35507005
-0.9216649
-2.5352225
-4.182242
-5.184917
-4.232857
-3.4466405
-4.350772
-5.158824
-5.5785136
-5.725244
-5.4090714
-4.8582478
-5.0120068
-5.41396
-5.97713
-6.3418083
-6.682155
-7.697325
-8.066495
-8.297168
-8.140927
-7.873908
-7.66595
-7.5207734
-7.292701
-6.8265224
-6.2926774
-5.964709
-5.7879863
-5.6288753
-5.771865
-5.714311
-5.678525
-4.9920583
-3.4249861
-1.8058602
1.2318435
4.532416
6.097099
7.2275953
7.9817576
7.880727
8.78691
10.586512
12.677713
15.950864
20.090763
25.10545
30.129642
33.337006
34.2157
31.574572
28.418234
32.66841
36.336094
89.00088
86.346725
84.40076
84.52621
84.25579
84.10566
83.045715
37.739048
37.338398
37.48131
37.81485
81.7405
81.57522
81.41655
81.484795
81.496315
