-0.87170225
-0.44947147
-0.25878662
0.4903325
0.19068487
1.4165162
1.7161638
2.4516625
2.6423476
2.2473574
3.0237172
2.0975335
1.253072
2.4108016
2.4108016
3.0645783
0.95342433
2.7921712
1.7978859
2.5606253
1.3756552
2.8330324
-0.53119355
0.95342433
4.671779
-0.38136974
-1.1849703
-1.6344417
-1.2258313
-1.56634
-1.1441092
-0.3405087
-0.40861043
-0.8036005
-0.40861043
0.19068487
-0.9942854
-0.38136974
0.29964766
0.8036005
-0.8036005
-1.56634
-1.9885708
0.3405087
-1.607201
-2.8330324
0.87170225
2.2201166
-3.8954194
-6.0882955
2.8602731
-2.0566726
1.1441092
0.027240695
0.95342433
-1.2258313
2.4108016
3.214402
-1.4437568
-3.0645783
-2.0294318
0.25878662
-2.5197644
-2.8602731
2.5197644
-6.006573
-4.903325
1.293933
-2.5197644
0.9125633
-0.53119355
-0.9125633
0.3405087
1.2258313
-2.8330324
-2.4789033
-4.0180025
1.253072
-1.9477097
-2.0566726
-0.7218784
-0.0
-5.5843425
-4.2904096
1.8387469
-3.4731886
-0.44947147
-0.9942854
-0.6401563
-0.40861043
-0.0
1.1441092
-1.7161638
-3.9771416
-3.173541
1.8659877
-1.9477097
-2.3699405
-0.61291564
1.525479
-8.60806
0.87170225
0.53119355
-0.87170225
0.95342433
-1.484618
-1.4165162
-1.6753027
-1.293933
-0.8036005
0.6401563
1.8387469
-1.4437568
-1.9885708
-1.9477097
-2.669588
-1.3756552
-2.1383946
0.25878662
-0.8036005
-3.0645783
-2.3699405
-2.4789033
0.14982383
-1.6344417
-0.10896278
-1.0215261
-2.2201166
-0.40861043
-0.53119355
2.4516625
-1.7978859
-3.5957718
-1.7570249
1.0215261
-2.7104492
-1.1849703
1.1032481
-0.38136974
-2.3290794
-2.3699405
1.293933
-2.3290794
-0.027240695
-0.7218784
-2.5606253
0.21792556
0.4903325
-1.525479
-1.8659877
-2.901134
-1.4437568
0.10896278
-2.4516625
-0.9942854
0.5720546
-0.027240695
-2.5197644
-2.3290794
2.5197644
-1.1441092
-1.6344417
0.6401563
0.4903325
-1.56634
0.95342433
-0.5720546
-1.525479
1.607201
-7.1234417
-6.3879433
-5.8158884
-4.69902
-2.1792557
-7.8861814
-3.7047346
-3.445948
-3.0237172
-3.8273177
-3.7455957
-3.0645783
-3.6774938
-3.13268
-0.6810174
-1.1032481
0.87170225
-0.8036005
-0.19068487
5.284695
0.14982383
6.619489
8.880466
3.13268
2.4516625
6.932757
-1.4437568
1.2258313
1.0623871
0.9942854
-0.0
-2.2473574
-2.5197644
-2.901134
-1.7161638
-1.9068487
-1.7570249
-1.3756552
-1.4437568
