0.7627395
1.9068487
1.7161638
2.3290794
2.8602731
2.4516625
3.405087
3.3233647
3.9771416
4.4810944
5.9248514
5.3936577
7.273266
8.839605
9.684067
6.9599977
10.61025
8.921328
8.539958
10.419566
8.921328
7.1915436
1.4165162
2.3290794
9.384419
9.343558
9.956474
9.724928
9.765789
9.602345
10.065437
10.18802
9.956474
10.106298
9.41166
9.261836
10.065437
10.56939
10.991621
10.678352
10.760075
12.871228
11.291268
9.152874
7.1915436
4.780742
9.302697
11.481953
11.836082
5.012288
15.091345
8.880466
8.771504
9.643207
10.065437
9.030291
11.032481
13.252599
12.285554
14.206022
9.261836
6.701211
6.0474343
4.903325
18.264887
14.709975
6.006573
10.991621
8.117727
8.962189
9.534244
9.997335
11.3321295
12.639683
12.367276
13.824653
10.106298
8.3765135
5.6252036
6.0882955
10.378705
9.915613
17.420425
7.7363577
11.141444
8.539958
9.193735
8.989429
10.024576
10.419566
10.637491
12.5579605
12.4489975
12.026767
7.504812
9.071152
8.267551
9.152874
10.637491
8.499097
13.402422
8.689782
8.648921
10.106298
10.760075
9.724928
10.637491
10.446807
10.18802
9.643207
9.41166
10.760075
12.598822
11.291268
8.349273
9.220976
9.302697
6.510526
8.60806
9.452521
9.343558
10.909899
8.580819
9.765789
10.065437
9.724928
9.602345
7.995144
9.833891
10.7192135
13.3207
13.865514
12.639683
7.6546354
7.763598
6.619489
6.891896
14.124301
7.1234417
14.927901
9.152874
10.256122
8.839605
9.302697
9.684067
9.874752
11.100583
10.678352
11.75436
12.871228
11.059722
7.995144
7.995144
6.1291566
6.742072
15.050485
6.701211
16.003908
8.689782
11.481953
9.997335
7.5456724
8.076866
11.413852
8.771504
10.637491
6.742072
11.522814
11.481953
10.528529
3.9771416
11.291268
7.2324047
9.765789
9.193735
8.3765135
7.9270425
9.997335
8.499097
9.193735
10.024576
8.880466
8.689782
12.830367
9.997335
12.5579605
14.124301
8.158588
11.522814
7.6137743
9.80665
5.1621118
8.22669
6.510526
6.851035
5.3936577
7.9270425
6.469665
5.012288
3.6774938
2.6423476
3.2825038
3.445948
3.6774938
3.5957718
3.636633
3.13268
4.1269655
