9.997335
9.534244
9.643207
9.956474
9.602345
9.575105
9.302697
9.261836
8.648921
8.117727
8.349273
8.117727
4.903325
7.3822284
5.5162406
4.780742
4.630918
2.7104492
3.8273177
2.3290794
2.5606253
1.293933
2.1383946
0.9942854
-3.8273177
3.0645783
0.40861043
0.40861043
0.7218784
1.8659877
0.9125633
2.3290794
2.2473574
1.8387469
2.6423476
1.9885708
1.8659877
1.4165162
0.87170225
0.29964766
-0.21792556
0.87170225
1.3756552
-0.21792556
-0.19068487
-0.6810174
-3.3642259
-8.349273
-4.508335
2.1383946
5.3119354
-2.6423476
2.2882185
-0.6401563
2.2473574
1.8659877
-0.19068487
-0.7627395
-1.334794
0.87170225
-0.21792556
0.7218784
0.29964766
-0.21792556
-15.963048
-2.4516625
1.2258313
2.982856
-2.901134
2.3699405
0.10896278
2.2882185
0.25878662
0.53119355
-0.8036005
3.13268
-0.027240695
2.6014864
1.4437568
-0.6401563
-7.1506824
-6.810174
-2.7104492
2.4516625
2.7513103
-1.7978859
2.4516625
0.40861043
1.4165162
0.95342433
0.06810174
2.4516625
1.8659877
0.9942854
0.3405087
1.8387469
0.6810174
-3.3233647
-3.8273177
-3.3642259
4.671779
5.3119354
0.6810174
-0.14982383
2.1792557
2.0294318
2.4516625
2.3699405
1.3756552
1.6753027
0.25878662
0.29964766
0.44947147
1.525479
1.525479
0.19068487
-2.6423476
-1.4165162
-3.405087
-7.1506824
-4.4810944
0.9125633
2.7104492
1.4165162
1.7978859
2.669588
1.0623871
1.1032481
3.0237172
0.4903325
1.4437568
1.0623871
1.8659877
1.4165162
0.29964766
0.10896278
-1.9068487
-9.030291
-5.1212506
3.9771416
3.3642259
2.669588
-0.14982383
1.8387469
1.8659877
1.7161638
1.0623871
0.7218784
1.253072
2.901134
-0.0
1.7161638
-0.25878662
-0.29964766
-2.0294318
-10.637491
-3.8273177
0.7218784
3.5140498
-0.38136974
0.3405087
-0.14982383
1.9068487
1.7161638
0.8308412
1.6344417
4.862464
1.9885708
0.7218784
-2.3699405
2.669588
2.1383946
-1.9477097
-0.8308412
-1.1849703
0.10896278
-3.0237172
2.0294318
-0.7218784
0.6810174
-2.3699405
1.1441092
-4.2495484
3.255263
0.87170225
1.7978859
-0.14982383
-1.2258313
4.167826
0.027240695
6.347082
-1.253072
6.619489
-1.334794
6.238119
5.9248514
6.891896
7.000859
9.261836
9.261836
11.032481
9.684067
8.539958
9.302697
9.261836
9.724928
7.9270425
9.602345
