23.0
23.0
12.0
17.0
11.0
16.0
25.0
36.0
46.0
46.0
67.0
55.0
66.0
59.0
84.0
78.0
52.0
70.0
57.0
67.0
39.0
92.0
127.0
217.0
181.0
138.0
110.0
97.0
105.0
94.0
109.0
109.0
97.0
103.0
69.0
65.0
46.0
21.0
1.0
9.0
24.0
59.0
37.0
78.0
104.0
58.0
21.0
60.0
111.0
139.0
112.0
138.0
93.0
102.0
91.0
28.0
354.0
7.0
28.0
43.0
102.0
115.0
123.0
55.0
85.0
117.0
149.0
109.0
157.0
81.0
49.0
14.0
350.0
7.0
20.0
46.0
129.0
139.0
128.0
72.0
37.0
74.0
115.0
154.0
125.0
154.0
92.0
38.0
9.0
355.0
332.0
351.0
29.0
63.0
143.0
149.0
106.0
57.0
359.0
79.0
131.0
163.0
171.0
184.0
184.0
183.0
183.0
183.0
189.0
218.0
234.0
234.0
223.0
214.0
208.0
222.0
210.0
228.0
269.0
240.0
221.0
210.0
210.0
210.0
210.0
219.0
213.0
219.0
247.0
251.0
257.0
231.0
216.0
216.0
202.0
206.0
240.0
272.0
235.0
217.0
211.0
211.0
211.0
211.0
211.0
231.0
246.0
252.0
239.0
228.0
216.0
216.0
204.0
211.0
243.0
255.0
230.0
216.0
216.0
212.0
204.0
204.0
204.0
184.0
206.0
199.0
203.0
226.0
166.0
174.0
192.0
220.0
234.0
234.0
235.0
257.0
238.0
228.0
222.0
236.0
224.0
281.0
252.0
241.0
233.0
228.0
261.0
233.0
170.0
184.0
203.0
191.0
255.0
225.0
185.0
175.0
186.0
198.0
205.0
205.0
212.0
229.0
246.0
253.0
253.0
253.0
258.0
