-11.0
-10.0
-13.0
-16.0
-14.0
-19.0
-19.0
-23.0
-28.0
-33.0
-32.0
-55.0
-48.0
-58.0
-50.0
-65.0
-66.0
-63.0
-71.0
-71.0
-66.0
-32.0
-59.0
-122.0
-71.0
-82.0
-80.0
-81.0
-75.0
-81.0
-77.0
-77.0
-78.0
-74.0
-77.0
-78.0
-82.0
-85.0
-85.0
-94.0
-82.0
-77.0
-92.0
-102.0
-121.0
-110.0
-126.0
-116.0
-37.0
-68.0
-110.0
-73.0
-93.0
-76.0
-76.0
-102.0
-104.0
-99.0
-77.0
-102.0
-83.0
-67.0
-120.0
-131.0
-113.0
-49.0
-73.0
-115.0
-74.0
-86.0
-76.0
-87.0
-83.0
-103.0
-73.0
-111.0
-70.0
-66.0
-109.0
-124.0
-124.0
-109.0
-57.0
-73.0
-114.0
-74.0
-83.0
-81.0
-84.0
-89.0
-77.0
-78.0
-71.0
-66.0
-73.0
-75.0
-114.0
-110.0
-113.0
-53.0
-58.0
-84.0
-95.0
-77.0
-75.0
-75.0
-74.0
-79.0
-79.0
-85.0
-80.0
-83.0
-77.0
-73.0
-73.0
-107.0
-111.0
-111.0
-127.0
-120.0
-76.0
-66.0
-81.0
-76.0
-74.0
-81.0
-72.0
-72.0
-86.0
-77.0
-81.0
-72.0
-73.0
-82.0
-67.0
-108.0
-122.0
-125.0
-72.0
-65.0
-73.0
-104.0
-78.0
-78.0
-72.0
-84.0
-85.0
-80.0
-75.0
-75.0
-74.0
-92.0
-111.0
-108.0
-125.0
-119.0
-80.0
-64.0
-102.0
-83.0
-102.0
-76.0
-81.0
-78.0
-79.0
-54.0
-77.0
-81.0
-125.0
-29.0
-61.0
-125.0
-103.0
-130.0
-66.0
-120.0
-69.0
-114.0
-67.0
-111.0
-66.0
-121.0
-75.0
-81.0
-80.0
-93.0
-98.0
-59.0
-88.0
-46.0
-150.0
-48.0
-113.0
-36.0
-41.0
-48.0
-42.0
-28.0
-21.0
-13.0
-18.0
-20.0
-21.0
-20.0
-20.0
-21.0
-23.0
