-2.0
-1.0
2.0
1.0
8.0
9.0
13.0
15.0
13.0
16.0
12.0
8.0
11.0
12.0
19.0
4.0
16.0
10.0
13.0
8.0
21.0
-11.0
20.0
24.0
-2.0
-6.0
-9.0
-7.0
-9.0
-6.0
-1.0
-2.0
-4.0
-2.0
1.0
-5.0
-2.0
1.0
4.0
-4.0
-6.0
-9.0
2.0
-12.0
-30.0
5.0
8.0
-17.0
-48.0
10.0
-12.0
7.0
-0.0
5.0
-7.0
12.0
13.0
-6.0
-12.0
-12.0
2.0
-22.0
-30.0
5.0
-21.0
-38.0
6.0
-16.0
5.0
-3.0
-5.0
1.0
5.0
-12.0
-9.0
-21.0
8.0
-18.0
-18.0
-3.0
-0.0
-17.0
-27.0
9.0
-21.0
-2.0
-6.0
-3.0
-2.0
-0.0
5.0
-7.0
-18.0
-22.0
11.0
-13.0
-13.0
-3.0
9.0
-31.0
4.0
3.0
-4.0
4.0
-8.0
-7.0
-8.0
-7.0
-4.0
3.0
9.0
-6.0
-9.0
-12.0
-16.0
-8.0
-17.0
1.0
-3.0
-16.0
-12.0
-15.0
-0.0
-9.0
-0.0
-6.0
-15.0
-2.0
-2.0
10.0
-7.0
-15.0
-12.0
7.0
-22.0
-9.0
3.0
-2.0
-8.0
-13.0
6.0
-14.0
-0.0
-4.0
-14.0
1.0
2.0
-7.0
-8.0
-14.0
-10.0
-0.0
-21.0
-8.0
1.0
-0.0
-8.0
-13.0
12.0
-6.0
-12.0
4.0
2.0
-10.0
5.0
-3.0
-7.0
7.0
-33.0
-53.0
-26.0
-32.0
-12.0
-40.0
-23.0
-22.0
-16.0
-24.0
-22.0
-16.0
-22.0
-17.0
-2.0
-6.0
3.0
-3.0
-1.0
23.0
1.0
29.0
59.0
16.0
20.0
36.0
-10.0
6.0
6.0
5.0
-0.0
-11.0
-13.0
-17.0
-9.0
-10.0
-9.0
-9.0
-7.0
