4.7500963
3.9839516
4.1371803
3.6774938
3.217807
3.8307228
3.9839516
4.4436383
4.1371803
4.2904096
4.4436383
4.596867
5.056554
4.4436383
3.6774938
2.4516625
2.1452048
2.1452048
1.9919758
2.4516625
2.6048915
5.9759274
8.734048
9.193734
6.435614
4.596867
10.419566
14.403518
6.742072
5.056554
10.879252
9.040505
13.790602
9.80665
10.419566
8.734048
9.346964
9.80665
9.500193
9.500193
11.032481
11.645397
10.726024
8.274361
6.129156
12.258312
5.5162406
8.734048
9.193734
8.580819
8.42759
8.42759
8.580819
9.346964
9.653421
10.113108
9.500193
9.500193
12.105083
12.258312
12.105083
8.734048
6.742072
6.435614
6.742072
6.895301
7.6614456
8.887277
7.0485296
15.016433
6.742072
7.967903
8.121132
9.193734
9.040505
9.040505
8.887277
9.500193
9.80665
11.032481
9.959879
8.887277
13.637373
11.032481
8.887277
8.42759
7.3549876
6.435614
7.6614456
7.201759
7.967903
8.274361
14.5567465
14.709975
6.742072
7.6614456
9.040505
9.346964
8.734048
9.346964
9.346964
9.040505
9.959879
10.879252
10.266336
10.726024
10.879252
10.419566
10.419566
9.193734
7.8146744
7.967903
8.580819
8.580819
7.8146744
7.3549876
7.3549876
15.322891
9.80665
9.653421
8.580819
9.193734
9.653421
10.419566
10.266336
9.653421
11.645397
9.653421
11.18571
9.80665
8.121132
7.5082164
8.121132
8.121132
7.967903
7.6614456
6.895301
16.701952
8.734048
7.967903
9.040505
9.500193
10.572795
10.879252
10.113108
10.113108
10.113108
9.653421
11.492168
9.959879
7.8146744
6.588843
7.8146744
7.5082164
8.580819
9.346964
12.871228
8.42759
7.6614456
8.121132
9.500193
9.193734
8.887277
9.193734
9.653421
9.653421
9.653421
9.80665
10.419566
9.346964
7.3549876
6.129156
7.201759
7.967903
11.798626
7.201759
13.177686
10.266336
9.193734
8.274361
8.734048
9.040505
9.040505
9.193734
9.040505
9.040505
9.959879
10.113108
10.419566
10.419566
9.653421
11.492168
10.419566
10.113108
8.580819
7.201759
13.637373
8.580819
9.193734
8.734048
9.346964
9.040505
8.887277
9.346964
9.959879
9.346964
9.80665
9.959879
9.959879
10.572795
10.113108
10.266336
9.500193
10.113108
9.040505
8.274361
7.201759
7.0485296
7.967903
8.580819
8.734048
13.330915
8.274361
9.193734
9.346964
8.580819
9.653421
10.266336
9.959879
10.419566
10.879252
10.726024
9.653421
10.726024
9.193734
8.42759
8.274361
8.42759
8.121132
8.580819
7.6614456
8.42759
8.887277
13.637373
7.3549876
7.6614456
9.193734
10.113108
8.887277
9.193734
9.500193
9.653421
9.346964
9.040505
9.346964
9.193734
9.653421
9.193734
8.734048
9.346964
9.80665
9.346964
9.500193
10.419566
9.193734
9.80665
10.879252
10.419566
9.500193
9.040505
10.113108
9.653421
10.113108
8.887277
9.193734
11.032481
9.346964
10.113108
11.032481
11.33894
10.879252
10.879252
9.040505
6.895301
5.8226986
5.363012
3.371036
3.9839516
2.6048915
2.9113493
4.7500963
4.1371803
3.217807
3.371036
3.217807
3.9839516
2.4516625
2.2984335
1.2258313
2.1452048
2.4516625
2.4516625
2.6048915
2.6048915
2.6048915
2.7581203
2.7581203
2.7581203
2.7581203
2.6048915
2.6048915
3.217807
2.7581203
2.4516625
2.7581203
3.064578
1.8387469
3.6774938
3.064578
3.6774938
3.371036
3.217807
4.2904096
3.217807
3.6774938
3.371036
3.9839516
4.4436383
4.2904096
4.2904096
4.7500963
4.7500963
4.596867
