355.40222
356.6217
357.85217
358.33557
358.58276
358.68713
359.0277
0.03845215
0.6921387
1.0272217
1.0766602
0.22521973
358.29712
359.13208
355.0177
358.20923
359.53308
359.17603
356.39648
340.83435
307.66113
85.46265
291.71448
259.53552
238.87573
219.48486
195.57861
180.48889
159.505
144.67346
131.34705
123.793945
116.5979
282.6068
267.2699
91.884155
99.47571
255.71228
68.42285
66.89026
233.58032
245.9729
226.09863
227.58728
112.51099
290.03357
110.703735
114.175415
130.33081
129.24866
127.41943
126.56799
289.15466
275.89417
267.22046
270.52185
258.38745
79.29382
78.54675
272.20825
253.96545
89.802246
103.36487
118.4436
176.2976
174.96826
175.9076
296.09802
134.62646
131.88538
292.0276
110.55542
108.3197
105.27649
300.01465
1.8621826
15.732422
43.862915
66.52771
67.2583
87.84119
270.03296
270.0769
106.94092
270.7965
254.28955
234.71191
211.87683
189.55261
173.1665
150.13367
148.09021
130.9076
129.91882
129.58374
128.52905
328.4912
345.32776
5.4492188
29.663086
58.04077
77.42615
93.88916
117.71301
300.82214
285.47974
267.29187
105.0238
221.65466
194.96338
176.83044
161.71875
136.9336
135.90637
334.14368
353.95752
20.352173
263.36975
255.8551
245.26978
229.21875
107.715454
288.78662
59.227295
79.244385
213.49182
284.04602
225.98877
136.67542
304.42566
291.64856
280.1294
267.7588
256.0199
241.05103
237.7826
58.666992
76.95923
104.37012
114.77417
127.128296
158.71399
176.67114
171.36475
20.967407
23.17566
20.5719
14.419556
324.93164
311.51733
307.10083
148.16711
134.54407
131.26465
133.11584
138.66394
150.85876
164.52576
160.97168
171.57898
171.19446
172.02942
339.8181
160.14221
158.01636
154.2096
335.27527
152.82532
152.24304
153.88
167.51404
170.09583
173.50159
180.0055
179.15405
178.33008
346.08032
167.61841
167.84912
328.77136
57.112427
70.878296
80.7605
71.98242
97.767334
96.78955
119.69055
214.3982
161.13647
197.86377
58.61206
82.43042
106.50696
121.24512
132.37976
311.4679
166.8164
162.71301
160.82886
347.53052
327.09045
313.74756
301.54175
291.52222
291.0498
288.35815
261.0901
236.46973
91.29639
104.298706
127.39197
128.34778
147.14539
164.78394
181.32385
182.4939
179.14856
180.38452
181.62598
186.35559
186.7456
187.30591
187.56958
187.3883
187.77832
189.4812
189.77234
189.50867
185.55908
186.6742
187.34985
352.90833
351.557
171.87561
336.67053
324.9536
145.00305
309.4629
128.573
104.18884
121.68457
129.08936
132.38525
146.86523
157.24182
149.20532
203.29651
209.76746
203.00537
210.01465
211.19019
214.16748
221.11633
231.09741
247.68677
257.25037
264.5398
277.229
281.99707
284.26575
288.0121
293.5327
295.03235
297.0044
295.25757
294.13147
288.94592
289.50623
290.1654
290.47302
291.11023
292.60986
294.2743
295.64758
295.28503
295.75745
296.54297
296.02112
294.9884
294.79614
295.0763
294.8346
293.87878
291.90125
291.1322
291.2915
291.00586
290.5005
287.85278
287.66602
286.21582
