6.2786865
-1.7962646
-3.5870361
-8.091431
-8.091431
-8.99231
-8.99231
-11.727905
-10.810547
-12.6397705
-8.091431
-7.1850586
-10.810547
-22.999878
-10.810547
-36.430664
-30.003662
-27.960205
-22.027588
-22.027588
-17.276001
-19.160156
-4.487915
-4.487915
-0.9008789
-0.005493164
-0.9008789
31.04187
18.209839
22.022095
23.972168
35.321045
49.960327
44.675903
33.151245
12.634277
11.722412
0.89538574
13.557129
54.33838
12.634277
22.994385
18.209839
22.022095
89.55505
32.091064
11.722412
9.898682
11.722412
14.47998
8.0859375
5.3778076
23.972168
34.227905
29.998169
89.55505
52.833252
-6.2841797
18.209839
10.805054
15.402832
19.154663
17.270508
15.402832
12.634277
24.955444
27.954712
42.209473
16.33667
-1.7962646
8.986816
6.2786865
16.33667
12.634277
31.04187
26.94397
35.321045
54.33838
38.68286
8.986816
38.68286
-3.5870361
19.154663
24.955444
7.1795654
15.402832
19.154663
12.634277
8.986816
18.209839
24.955444
27.954712
16.33667
21.060791
16.33667
14.47998
18.209839
16.33667
21.060791
49.960327
59.243774
22.994385
7.1795654
36.42517
0.89538574
16.33667
16.33667
21.060791
45.950317
34.227905
15.402832
10.805054
17.270508
14.47998
11.722412
11.722412
28.970947
37.545776
44.675903
26.94397
-5.3723145
9.898682
14.47998
14.47998
20.10498
43.43445
35.321045
5.3778076
4.482422
11.722412
24.955444
26.94397
37.545776
43.43445
8.0859375
21.060791
3.581543
54.33838
4.482422
18.209839
19.154663
7.1795654
11.722412
16.33667
5.3778076
12.634277
25.944214
34.227905
42.209473
7.1795654
-5.3723145
-10.810547
37.545776
11.722412
19.154663
14.47998
17.270508
12.634277
11.722412
11.722412
23.972168
39.836426
33.151245
6.2786865
9.898682
19.154663
5.3778076
11.722412
15.402832
13.557129
9.898682
15.402832
12.634277
18.209839
23.972168
43.43445
32.091064
-0.005493164
3.581543
13.557129
8.986816
8.986816
10.805054
26.94397
26.94397
25.944214
32.091064
31.04187
9.898682
22.022095
12.634277
19.154663
10.805054
25.944214
37.545776
17.270508
8.986816
11.722412
10.805054
12.634277
14.47998
22.022095
21.060791
23.972168
26.94397
28.970947
23.972168
25.944214
12.634277
10.805054
14.47998
12.634277
12.634277
11.722412
10.805054
8.986816
10.805054
10.805054
8.986816
7.1795654
11.722412
7.1795654
8.0859375
9.898682
8.986816
16.33667
8.0859375
8.986816
12.634277
5.3778076
14.47998
8.986816
-3.5760498
8.0859375
10.805054
5.3778076
12.634277
12.634277
8.0859375
22.022095
28.970947
28.970947
45.950317
27.954712
21.060791
-22.999878
6.2786865
-3.5870361
-0.9008789
-13.562622
-7.1850586
-13.562622
-12.6397705
-8.99231
-10.810547
-13.562622
-10.810547
-6.2841797
2.6861572
0.89538574
1.7907715
1.7907715
1.7907715
1.7907715
1.7907715
0.89538574
2.6861572
-6.2841797
-1.7962646
-1.7962646
-0.9008789
-1.7962646
-2.6916504
-0.9008789
2.6861572
0.89538574
-0.005493164
-1.7962646
-8.091431
0.89538574
-3.5870361
-0.9008789
2.6861572
-0.005493164
-0.005493164
4.482422
-1.7962646
1.7907715
0.89538574
2.6861572
1.7907715
