0.41180268
0.21068975
0.33518824
0.25857377
-0.33518824
-0.41180268
-0.6991069
-0.59376204
-0.6512229
-0.94810385
-0.18195933
-0.6512229
-0.94810385
-1.7812861
-0.81402856
-1.8962077
-0.8810662
-3.4572272
-0.6799533
-1.1971009
-1.3120226
0.39264908
-0.019153614
-3.3039982
-1.8483237
-1.8291701
-1.2258313
-1.2258313
-1.0247183
-1.1204864
-1.1779473
-1.2066777
-1.0055647
-0.8810662
-0.93852705
-1.0630256
-1.2641385
-1.1779473
-0.8810662
-1.0342951
-1.13964
-0.58418524
0.019153614
1.541866
1.7429788
1.5897499
0.94810385
1.9536686
2.7006595
3.0071173
3.466804
3.8498764
4.050989
4.5298295
5.439626
5.4204726
4.999093
-2.3654714
-0.2873042
-0.41180268
-1.0055647
-0.9959879
-0.36391866
-1.6280571
-1.388637
-0.81402856
1.3311762
0.45010993
1.2066777
-1.3311762
-2.2026656
-0.60333884
-0.21068975
0.90979666
3.6296098
7.5465236
5.6982
2.3558946
-1.1683705
-1.7238252
-0.62249243
-1.6184803
-0.39264908
-0.7757214
-0.80445176
-1.3311762
0.36391866
0.9959879
0.35434186
1.733402
-1.388637
-1.6472107
-1.091756
-0.7182605
0.61291564
3.0454245
5.305551
5.9759274
1.3503298
1.8387469
-3.4476504
-1.7238252
-1.0534488
-0.22026655
-1.1587936
-1.4460979
-1.0247183
0.21068975
0.58418524
-0.7565677
0.8331822
-0.91937345
-1.9728222
-1.2162545
-0.18195933
1.7429788
4.4340615
7.153875
4.405331
2.1452048
-1.7142484
-1.6472107
-0.35434186
-1.043872
-0.6799533
-0.30645782
-0.6512229
-0.24899697
0.038307227
2.231396
-0.4405331
-0.047884032
-1.1779473
-2.6048915
-2.528277
-1.8770541
-0.2873042
3.0933087
4.4915223
5.1523223
1.2641385
5.0182467
-0.9768343
-1.2162545
-1.6759412
-0.29688102
-0.12449849
-1.0055647
0.20111294
0.46926352
1.6184803
0.17238252
0.63206923
-1.7429788
-2.432509
-2.27928
-1.3024458
0.34476504
3.7732618
5.2002063
4.8362875
0.5363012
4.1180267
-2.6240451
-0.90979666
-1.0726024
-0.61291564
-0.076614454
-0.5363012
-0.009576807
-0.6991069
0.90979666
1.091756
-0.45010993
-1.3790601
-0.80445176
-1.982399
-1.9249382
-1.2354081
1.7238252
4.1659107
4.903325
3.5242648
4.060566
-3.5338416
-2.030283
0.45968673
-1.4460979
-0.4213795
-0.2873042
-0.45010993
-0.45010993
-0.17238252
1.13964
-0.24899697
-0.35434186
-0.8810662
-2.0973208
-1.340753
-1.13964
0.8714894
3.964798
5.659893
5.142745
0.63206923
6.1195793
-5.0661306
-0.7757214
-1.1204864
-0.11492168
0.08619126
-0.9768343
-0.7565677
-0.45010993
0.4213795
0.78529817
-1.5227122
-0.30645782
-0.05746084
-1.2354081
-1.8483237
-0.90021986
1.3599066
4.2999864
6.540959
5.353435
4.003105
-3.7732618
-1.3311762
-0.19153613
-0.8331822
-0.545878
-0.17238252
-0.8714894
-0.45010993
-0.8714894
-0.12449849
0.009576807
0.38307226
-0.1340753
-0.94810385
-0.60333884
-0.7757214
-0.82360536
1.2258313
3.41892
4.4723687
5.305551
1.5801731
2.0111294
-1.1587936
-1.2449849
-1.1971009
-0.89064306
-0.6799533
-0.80445176
-1.0342951
-1.2545617
-0.8619126
-0.6895301
-2.6431987
-1.8004397
-2.2984335
-1.1013328
-0.93852705
0.095768064
1.4652514
0.58418524
-0.095768064
0.22984336
0.22984336
0.45968673
-0.05746084
0.19153613
0.12449849
-0.21068975
-0.22984336
-0.49799395
-0.7086837
-0.5746084
-0.4405331
-0.5554548
-0.17238252
-0.2873042
0.019153614
-0.019153614
0.12449849
-0.06703765
0.2681506
0.2777274
0.10534488
-0.45010993
-0.009576807
0.019153614
-0.11492168
0.37349546
-0.25857377
0.20111294
0.33518824
0.63206923
0.89064306
0.90021986
0.49799395
0.19153613
0.17238252
0.40222588
0.30645782
1.4173675
0.7278373
-0.5267244
0.11492168
0.81402856
0.8331822
0.61291564
0.7757214
0.7565677
0.5267244
0.9672575
0.9864111
1.0342951
1.2162545
1.2258313
1.1300632
1.1683705
1.0726024
1.0247183
1.0247183
