-2.0015526
-2.0207062
-2.030283
-2.0685902
-2.0685902
-2.0398598
-1.8674773
-1.8195933
-1.8962077
-1.8579005
-1.8387469
-1.9057846
-1.9536686
-2.1164744
-2.078167
-1.7717092
-1.8674773
-2.1068976
-2.6431987
-2.633622
-1.7908629
-1.8579005
-1.934515
-1.685518
-2.0590134
-1.4556746
-1.292869
-1.8387469
-1.1013328
-1.3215994
-1.2258313
-0.5746084
-0.48841715
-0.8714894
-1.0055647
-0.842759
-0.90021986
-0.7086837
-0.90021986
-1.0247183
-1.1204864
-0.7086837
-0.4405331
-1.091756
-1.2066777
-1.3790601
-1.340753
-0.81402856
-1.4077905
-1.9632454
-1.0055647
-1.7238252
-1.4460979
-2.9496565
-2.480393
-1.7717092
-2.2697031
-2.6431987
-2.6240451
-2.0685902
-1.8962077
-1.8770541
-1.8100165
-1.8674773
-1.9632454
-2.0111294
-1.9440918
-2.1547816
-2.2122424
-1.9249382
-2.2122424
-2.1452048
-2.5378537
-2.2122424
-2.3942018
-2.1930888
-2.4133554
-1.8674773
-1.9919758
-2.087744
-1.6376339
-1.7142484
-1.541866
-2.2218192
-1.8866309
-1.3215994
-1.1492168
-1.1109096
-1.1492168
-1.1779473
-1.2737153
-1.3503298
-1.4460979
-1.5035586
-1.4077905
-1.5801731
-1.2449849
-1.2449849
-1.1300632
-2.1452048
-1.6472107
-1.7429788
-0.91937345
-1.6280571
-1.3694834
-1.8579005
-2.9113493
-1.9249382
-1.7238252
-2.384625
-2.0590134
-1.6663644
-2.4995465
-1.8866309
-1.7717092
-1.8291701
-1.8579005
-2.0015526
-1.8866309
-1.8483237
-2.135628
-2.0973208
-2.0398598
-2.2888567
-2.0685902
-1.6663644
-1.8483237
-1.9057846
-2.1739352
-2.3463178
-2.3750482
-2.585738
-2.825158
-2.3654714
-2.2697031
-1.4173675
-1.9728222
-1.6950948
-1.7142484
-1.388637
-1.13964
-1.0821792
-1.436521
-1.7812861
-1.541866
-1.5705963
-1.4939818
-1.5705963
-1.6089035
-1.685518
-1.6376339
-1.6567876
-1.532289
-1.532289
-1.4460979
-1.2641385
-1.2066777
-1.3503298
-1.1971009
-1.4556746
-1.9919758
-1.292869
-1.436521
-2.336741
-1.3215994
-1.7046716
-1.091756
-1.2354081
-3.1890767
-2.5187001
-1.7429788
-1.8387469
-1.6567876
-1.8483237
-1.2162545
-1.283292
-1.4173675
-1.5993267
-1.7621324
-1.8962077
-1.9249382
-1.6950948
-1.6376339
-1.5705963
-1.4748282
-1.541866
