-0.39264908
-0.4309563
-0.47884035
-0.4309563
-0.4213795
-0.35434186
-0.39264908
-0.2873042
-0.2873042
-0.34476504
-0.33518824
-0.39264908
-0.30645782
-0.17238252
-0.009576807
-0.24899697
-0.641646
-0.7278373
-0.58418524
-1.4652514
-1.7717092
-4.1659107
-4.2999864
-4.271256
-4.5202527
-5.746084
-6.253655
-6.9048777
-7.680599
-7.9583263
-8.829816
-8.944737
-9.299079
-9.56723
-9.576807
-9.557653
-9.643845
-9.586384
-9.682152
-9.605537
-9.452309
-9.414001
-9.346964
-7.967903
-8.025364
-7.335834
-6.9623384
-5.544971
-5.2002063
-5.257667
-4.510676
-3.5529952
-2.3463178
-2.1547816
-1.1492168
-0.5267244
-0.23942018
0.009576807
0.05746084
-0.06703765
-0.076614454
-0.17238252
-0.2681506
-0.35434186
-0.47884035
-0.38307226
-0.38307226
-0.009576807
-0.25857377
-0.12449849
0.1340753
0.076614454
-0.4213795
-1.7717092
-3.2752678
-3.8402996
-3.5817258
-4.711789
-5.0661306
-6.8186865
-7.469909
-7.2209125
-7.824251
-8.820239
-8.992621
-9.308656
-9.461885
-9.490616
-9.634268
-9.701305
-9.672575
-9.615114
-9.595961
-9.509769
-9.519346
-9.471462
-9.3661175
-9.452309
-8.839393
-8.379706
-8.264784
-6.445191
-5.889736
-5.8801594
-5.449203
-4.711789
-3.3901896
-2.0207062
-0.8331822
-0.095768064
0.80445176
0.6607997
0.5650316
0.62249243
0.45010993
0.2873042
0.22984336
0.25857377
0.20111294
0.11492168
-0.019153614
-0.05746084
0.4213795
0.29688102
0.19153613
0.7661445
-0.08619126
-2.3750482
-2.6623523
-3.0454245
-3.2944214
-3.6870706
-5.1140146
-5.6215854
-6.9527617
-7.144298
-7.422025
-8.24563
-9.32781
-9.260772
-9.634268
-9.595961
-9.634268
-9.634268
-9.471462
-9.337387
-9.375694
-9.471462
-9.308656
-9.471462
-9.452309
-9.490616
-9.682152
-9.471462
-9.576807
-9.519346
-9.433155
-8.992621
-8.647857
-8.025364
-8.034941
-7.029376
-6.4547677
-5.650316
-5.66947
-3.9456444
-3.3327289
-2.2122424
-0.7086837
-0.47884035
0.06703765
0.7374141
0.30645782
0.05746084
-0.10534488
0.17238252
-0.06703765
-0.2777274
-0.34476504
-0.37349546
-0.40222588
-0.2873042
-0.36391866
-0.38307226
-0.4405331
-0.45010993
