9.624691
9.56723
9.509769
9.557653
9.548077
9.643845
9.461885
9.653421
9.701305
9.662998
9.56723
9.634268
9.758766
9.3661175
9.624691
9.107543
9.548077
10.620679
11.319786
10.25676
9.921572
10.342952
9.557653
8.322245
7.5465236
6.9623384
5.583278
4.7884035
3.7732618
2.3558946
1.340753
1.1875241
0.47884035
-0.019153614
-0.4213795
-0.076614454
-0.076614454
0.37349546
0.34476504
0.24899697
0.8810662
0.94810385
0.78529817
2.4037786
3.2465374
4.2904096
5.7269306
5.2480903
7.632715
7.747637
8.734048
8.810662
9.404425
10.745177
11.798626
10.783484
10.448297
9.854534
9.77792
9.672575
9.643845
9.576807
9.595961
9.595961
9.710882
9.557653
9.519346
9.80665
9.710882
9.739613
10.390836
11.971008
11.434708
10.6877165
10.065224
9.059659
7.795521
7.153875
6.157887
5.8322754
5.0182467
4.4723687
3.2465374
1.5993267
0.9864111
0.7661445
-0.5746084
-0.39264908
-0.40222588
0.11492168
0.095768064
-0.047884032
0.30645782
0.35434186
0.4405331
0.22984336
0.8810662
0.6607997
0.7661445
2.882619
3.0550013
4.003105
4.8267107
6.4739213
7.3645644
8.408437
9.126697
7.9583263
10.208876
14.068329
13.101071
10.821792
8.599973
9.251195
9.844957
9.749189
9.557653
9.557653
9.643845
9.758766
9.576807
9.289502
9.011775
9.816227
10.572795
12.152967
11.032481
10.927136
10.6398325
9.5385
8.7532015
7.8625584
6.9144545
5.889736
5.5641246
4.0892963
2.8634653
1.8483237
1.1204864
0.15322891
-0.047884032
-0.1436521
0.39264908
0.9672575
1.1875241
0.9768343
1.3215994
1.2545617
1.3311762
1.292869
0.9576807
0.93852705
0.7469909
0.7278373
0.5267244
0.58418524
0.61291564
0.78529817
1.3982137
2.882619
3.3423057
4.3478703
5.5641246
7.6710224
6.253655
7.824251
8.810662
8.868123
13.2351465
13.254301
11.080365
8.801085
9.662998
10.25676
9.749189
9.509769
9.749189
9.77792
9.80665
9.691729
9.749189
9.739613
9.634268
9.701305
9.337387
9.289502
