1.685518
2.2984335
-8.42759
-10.419566
-5.9759274
3.217807
0.15322891
0.61291564
-3.064578
-3.064578
-6.435614
-3.5242648
-4.596867
-4.4436383
-6.2823853
-0.61291564
-3.064578
-3.064578
-4.7500963
-4.596867
-7.8146744
-5.9759274
-4.2904096
-0.61291564
-0.91937345
0.30645782
-0.61291564
0.30645782
-1.0726024
-1.685518
-0.91937345
1.3790601
-2.4516625
-2.6048915
-4.1371803
-7.8146744
-3.5242648
4.2904096
2.6048915
3.064578
-0.61291564
-1.2258313
-1.3790601
-0.15322891
0.30645782
-0.45968673
0.15322891
0.61291564
0.61291564
1.2258313
0.7661445
1.2258313
0.7661445
0.7661445
0.7661445
0.45968673
0.45968673
0.45968673
0.7661445
0.7661445
0.45968673
0.45968673
0.45968673
0.45968673
0.61291564
0.45968673
0.45968673
0.30645782
0.30645782
0.30645782
0.30645782
0.30645782
0.30645782
0.15322891
0.61291564
0.45968673
0.45968673
0.45968673
0.30645782
0.30645782
0.45968673
0.45968673
0.45968673
0.45968673
0.61291564
0.45968673
0.61291564
0.61291564
0.30645782
0.61291564
0.61291564
0.61291564
0.61291564
1.8387469
-7.5082164
-12.105083
5.9759274
-1.2258313
-9.959879
-6.742072
-6.895301
0.30645782
0.30645782
-3.9839516
4.2904096
5.66947
-2.9113493
-19.000385
-10.879252
-7.201759
2.1452048
6.588843
5.056554
-7.201759
-16.395493
-5.209783
-3.9839516
3.5242648
7.967903
4.903325
-13.330915
-11.33894
-4.4436383
0.61291564
5.363012
5.66947
3.064578
-13.637373
-9.500193
-9.040505
-4.2904096
-3.6774938
-2.1452048
-8.734048
-12.564771
-10.419566
-5.9759274
-8.42759
-7.8146744
-5.056554
-2.4516625
5.056554
8.580819
-11.492168
-19.460072
-13.330915
-10.113108
-6.435614
8.42759
-3.064578
-9.193734
-14.709975
-10.879252
-9.80665
-7.0485296
-3.371036
-7.0485296
-3.371036
-5.5162406
-3.371036
-3.9839516
-3.9839516
-5.9759274
-7.6614456
-7.201759
-1.0726024
-3.9839516
-6.742072
-3.371036
-5.66947
-6.129156
-7.201759
-7.8146744
-7.5082164
-8.580819
-7.967903
-7.967903
-8.121132
-8.121132
-8.42759
-8.580819
-8.42759
-8.580819
-8.580819
-8.887277
-8.580819
-8.580819
-8.580819
-8.42759
-8.580819
-8.734048
-8.734048
-8.580819
-8.734048
-8.580819
-8.734048
-8.734048
-8.580819
-8.734048
-8.734048
-8.734048
-8.42759
-8.42759
-8.42759
-8.42759
-8.580819
-8.274361
-8.580819
-8.42759
-9.80665
-8.42759
-7.8146744
-7.967903
-8.42759
-8.121132
-8.121132
-8.274361
-8.121132
-8.121132
-8.121132
-7.967903
-8.121132
-8.121132
-7.967903
-7.967903
-8.121132
-8.121132
-8.274361
-7.6614456
-7.8146744
-7.6614456
-7.8146744
-7.967903
-8.274361
-7.967903
-7.6614456
-7.3549876
-7.8146744
-7.6614456
-7.8146744
-8.121132
-7.5082164
-8.121132
-7.8146744
-7.967903
-8.42759
-8.274361
-8.42759
-8.121132
-9.040505
-8.580819
-8.121132
-8.274361
-8.887277
-8.734048
-8.580819
-9.193734
-8.580819
-8.580819
-8.580819
-8.274361
-8.580819
-8.42759
-8.274361
-8.42759
-8.42759
-8.580819
-8.580819
-8.42759
-8.121132
-7.8146744
-7.8146744
-7.201759
-7.201759
-6.588843
-5.9759274
-5.5162406
-4.7500963
-4.2904096
-3.217807
-2.2984335
-2.2984335
-2.4516625
-3.217807
-4.1371803
-5.209783
-5.66947
-5.8226986
-6.129156
-6.2823853
-6.2823853
-6.742072
-7.0485296
-7.0485296
-7.0485296
-7.0485296
-6.588843
-7.0485296
-6.895301
-6.742072
-7.5082164
-7.0485296
-7.6614456
-6.895301
-7.0485296
-7.3549876
-7.5082164
-7.3549876
-7.201759
-7.6614456
-7.8146744
-7.8146744
-7.967903
-7.967903
-7.967903
-7.8146744
-7.8146744
-7.5082164
-7.967903
-7.6614456
-7.967903
-7.8146744
-7.8146744
-7.967903
-8.274361
-8.121132
-8.121132
-8.121132
-8.121132
-8.274361
-8.121132
-8.274361
-8.121132
-8.121132
-8.121132
-8.121132
-7.967903
-8.274361
-8.121132
-7.3549876
-7.6614456
-7.5082164
-7.6614456
-7.6614456
-7.967903
-7.6614456
-7.967903
-7.8146744
-7.8146744
-7.6614456
-7.6614456
-7.6614456
-7.8146744
-7.6614456
-7.8146744
-7.5082164
-7.8146744
-7.8146744
-7.8146744
-7.8146744
-7.6614456
-7.5082164
-7.8146744
-7.3549876
-7.6614456
-7.6614456
-8.121132
-8.42759
-9.653421
-9.80665
-8.734048
-7.201759
-5.209783
-5.9759274
-5.8226986
-6.895301
-7.3549876
-6.129156
-5.209783
-4.1371803
-5.056554
-6.435614
-6.742072
-5.9759274
-5.8226986
-7.201759
-6.588843
-6.895301
-5.9759274
-6.2823853
-6.129156
-6.2823853
-5.9759274
-5.9759274
-5.9759274
-5.8226986
-5.8226986
-5.8226986
-5.5162406
-5.5162406
-5.363012
-5.5162406
-5.5162406
-5.209783
-5.5162406
-5.363012
-5.363012
-5.5162406
-5.363012
-5.363012
-5.056554
-5.5162406
-4.596867
-5.5162406
-4.596867
-5.056554
-4.7500963
-5.056554
-4.903325
-4.903325
-4.903325
-4.7500963
-5.056554
-4.596867
-5.5162406
-5.363012
-4.7500963
-4.4436383
-4.7500963
-4.1371803
-4.596867
-4.1371803
-3.8307228
-3.5242648
-3.217807
-3.217807
-3.217807
-2.7581203
-2.4516625
-1.685518
-2.6048915
-1.9919758
-1.0726024
-1.0726024
-1.685518
-0.30645782
-0.45968673
-0.15322891
-0.61291564
0.61291564
0.61291564
0.91937345
0.7661445
0.7661445
0.91937345
-0.45968673
0.61291564
0.15322891
0.15322891
0.15322891
0.15322891
0.15322891
0.15322891
0.15322891
0.15322891
0.15322891
0.15322891
0.15322891
0.15322891
0.15322891
0.15322891
0.15322891
0.15322891
0.15322891
0.15322891
0.15322891
0.15322891
0.15322891
0.15322891
0.15322891
0.15322891
0.15322891
0.15322891
0.15322891
0.15322891
0.15322891
0.15322891
0.15322891
0.15322891
0.15322891
0.15322891
0.15322891
0.15322891
0.15322891
0.15322891
0.15322891
0.15322891
0.15322891
0.15322891
0.15322891
0.15322891
0.15322891
0.15322891
0.15322891
0.15322891
0.15322891
0.15322891
0.15322891
0.15322891
0.15322891
0.15322891
0.15322891
0.15322891
0.15322891
0.15322891
0.15322891
0.15322891
0.15322891
0.15322891
0.15322891
0.15322891
0.30645782
0.30645782
0.30645782
0.30645782
0.15322891
0.15322891
0.15322891
0.15322891
0.15322891
0.15322891
0.15322891
0.15322891
0.15322891
0.15322891
0.15322891
0.15322891
0.15322891
0.15322891
0.15322891
0.15322891
0.15322891
0.15322891
0.15322891
0.15322891
0.15322891
0.15322891
0.15322891
0.15322891
0.15322891
0.15322891
0.15322891
0.15322891
0.15322891
0.15322891
0.15322891
0.15322891
0.15322891
0.15322891
0.15322891
0.15322891
0.15322891
0.15322891
0.15322891
0.15322891
0.15322891
0.15322891
0.15322891
0.15322891
0.15322891
0.15322891
0.15322891
0.15322891
0.15322891
0.15322891
0.15322891
-0.30645782
-0.15322891
0.7661445
-3.064578
-2.4516625
-3.217807
-3.371036
-4.596867
-4.7500963
-6.129156
-5.66947
-5.66947
-4.4436383
-4.596867
-4.596867
-4.2904096
-5.056554
-5.209783
-5.8226986
-5.9759274
-6.129156
-5.8226986
-6.129156
-5.66947
-5.66947
-6.2823853
-5.8226986
-5.5162406
-5.8226986
-5.8226986
-5.8226986
-5.66947
-5.8226986
-5.8226986
-5.9759274
-5.66947
-5.8226986
-5.9759274
-5.66947
-5.66947
-5.5162406
-5.209783
-5.056554
-4.903325
-5.056554
-5.363012
-4.7500963
-4.903325
-4.903325
-5.056554
-4.903325
-5.056554
-4.7500963
-4.903325
-4.903325
-5.056554
-5.056554
-4.903325
-5.363012
-5.209783
-5.209783
-5.209783
-4.903325
-5.363012
-5.363012
-5.8226986
-5.056554
-5.209783
-5.363012
-5.209783
-5.363012
-5.5162406
-5.056554
-5.363012
-5.66947
-5.8226986
-5.66947
-5.8226986
-5.363012
-5.8226986
-5.056554
-5.8226986
-5.8226986
-5.66947
-5.363012
-5.5162406
-4.903325
-4.903325
-5.363012
-5.056554
-4.596867
-4.1371803
-4.2904096
-4.596867
-4.4436383
-4.4436383
-4.7500963
-4.7500963
-5.209783
-5.5162406
-5.66947
-5.8226986
-5.8226986
-5.8226986
-5.9759274
-5.9759274
-5.9759274
-6.129156
-5.9759274
-5.9759274
-5.8226986
-5.9759274
-6.129156
-5.8226986
-5.9759274
-5.8226986
-6.2823853
-6.129156
-5.8226986
-5.66947
-5.8226986
-5.66947
-5.8226986
-5.8226986
-5.66947
-5.8226986
-5.66947
-5.8226986
-5.66947
-5.66947
-5.8226986
-5.66947
-5.8226986
-5.66947
-5.66947
-5.66947
-5.66947
-5.66947
-5.66947
-5.66947
-5.66947
-5.66947
-5.8226986
-5.9759274
-5.66947
-5.5162406
-5.66947
-5.66947
-5.8226986
-5.8226986
-5.66947
-5.66947
-5.66947
-5.66947
-5.66947
-5.66947
-5.66947
-5.8226986
-5.66947
-5.8226986
-5.66947
-5.66947
-5.66947
-5.66947
-5.66947
-5.66947
-5.8226986
-5.5162406
-5.66947
-5.66947
-5.66947
-5.66947
-5.66947
-5.66947
-5.66947
-5.66947
-5.66947
-5.66947
-5.66947
-5.66947
-5.66947
-5.66947
-5.66947
-5.66947
-5.66947
-5.66947
-5.66947
-5.66947
-5.66947
-5.66947
-5.66947
-5.66947
-5.66947
-5.66947
-5.66947
-5.66947
-5.66947
-5.66947
-5.66947
-5.8226986
-5.5162406
-5.66947
-5.66947
-5.8226986
-5.9759274
-5.8226986
-5.8226986
-5.8226986
-6.2823853
-6.129156
-6.2823853
-6.2823853
-6.2823853
-6.129156
-6.2823853
-6.2823853
-6.129156
-6.2823853
-6.2823853
-6.742072
-6.588843
-6.895301
-6.742072
-6.895301
-6.742072
-6.742072
-6.588843
-6.895301
-6.742072
-6.895301
-6.742072
-6.742072
-6.742072
-7.0485296
-6.895301
-7.0485296
-6.895301
-7.0485296
-7.0485296
-6.895301
-7.0485296
-6.742072
-7.8146744
-6.742072
-7.201759
-7.201759
-7.0485296
-7.0485296
-7.201759
-7.0485296
-7.0485296
-7.201759
-7.0485296
-7.201759
-7.201759
-7.201759
-7.201759
-7.201759
-7.201759
-7.0485296
-7.8146744
