19.460072
10.266336
-14.709975
-19.6133
-19.6133
-10.113108
0.61291564
19.000385
13.790602
-0.7661445
-15.1696615
-15.629349
-9.346964
-3.064578
2.9113493
3.064578
0.61291564
-7.967903
-13.177686
-9.80665
-5.8226986
-2.4516625
-0.7661445
1.8387469
1.8387469
-2.4516625
0.45968673
0.30645782
1.9919758
5.363012
5.8226986
9.193734
6.435614
-1.0726024
-14.403518
-12.871228
8.887277
15.935806
10.726024
7.0485296
0.91937345
-1.0726024
-1.9919758
-0.30645782
-0.30645782
0.15322891
0.30645782
0.7661445
2.1452048
1.8387469
1.9919758
1.8387469
1.8387469
1.8387469
1.3790601
1.3790601
1.0726024
0.91937345
1.685518
1.685518
1.532289
1.3790601
1.532289
1.685518
1.685518
1.685518
1.3790601
1.3790601
1.532289
1.685518
1.532289
1.532289
1.2258313
1.685518
1.532289
1.532289
1.532289
1.685518
1.8387469
1.685518
1.9919758
1.9919758
1.9919758
2.1452048
2.1452048
1.9919758
2.1452048
1.9919758
2.1452048
2.1452048
2.1452048
1.9919758
2.9113493
2.2984335
-19.6133
-9.959879
19.460072
7.5082164
-18.23424
-19.306843
-5.9759274
19.460072
8.121132
-7.5082164
-3.371036
-3.5242648
0.7661445
6.895301
-0.7661445
-1.3790601
-1.2258313
0.15322891
0.45968673
3.5242648
-2.1452048
1.3790601
0.91937345
0.30645782
0.15322891
-3.371036
-0.45968673
5.66947
6.742072
4.596867
0.45968673
-1.685518
-3.9839516
-7.6614456
-4.596867
3.6774938
6.588843
7.201759
10.113108
8.580819
9.653421
6.742072
3.8307228
5.363012
2.7581203
-3.064578
-0.91937345
-1.685518
-14.403518
-12.411542
19.460072
19.153614
-0.7661445
-13.9438305
-19.6133
-10.572795
-0.30645782
13.177686
4.1371803
5.9759274
7.6614456
8.734048
1.0726024
4.596867
6.129156
6.129156
6.435614
5.66947
5.363012
6.742072
9.959879
2.4516625
1.2258313
2.1452048
0.91937345
0.45968673
-0.61291564
-0.61291564
-1.685518
-1.685518
-1.3790601
-1.532289
-1.3790601
-0.91937345
-0.91937345
-1.2258313
-1.0726024
-1.3790601
-1.532289
-1.685518
-1.685518
-1.532289
-1.3790601
-1.3790601
-1.3790601
-1.3790601
-1.3790601
-1.532289
-1.3790601
-1.532289
-1.532289
-1.532289
-1.3790601
-1.2258313
-1.3790601
-1.532289
-1.532289
-1.2258313
-1.0726024
-1.0726024
-1.2258313
-1.3790601
-1.2258313
-1.3790601
-1.685518
-2.2984335
-2.1452048
-1.532289
-1.2258313
-1.2258313
-1.3790601
-1.0726024
-1.0726024
-1.0726024
-1.0726024
-0.91937345
-0.91937345
-0.91937345
-0.7661445
-0.7661445
-0.91937345
-0.7661445
-0.7661445
-0.7661445
-0.91937345
-0.91937345
-0.91937345
-0.7661445
-0.91937345
-0.91937345
-1.2258313
-1.532289
-1.8387469
-1.532289
-1.532289
-1.3790601
-1.2258313
-1.0726024
-1.2258313
-1.0726024
-0.91937345
-1.3790601
-1.0726024
-0.91937345
-1.2258313
-0.7661445
-0.7661445
-0.7661445
-1.0726024
-1.0726024
-0.61291564
-0.61291564
-0.15322891
-0.15322891
-0.15322891
-0.15322891
-0.45968673
-0.30645782
-0.30645782
-0.30645782
-0.30645782
-0.30645782
-0.30645782
-0.45968673
-0.7661445
-0.91937345
-1.532289
-2.1452048
-2.9113493
-2.9113493
-3.6774938
-3.8307228
-3.9839516
-4.1371803
-4.1371803
-3.371036
-2.6048915
-2.1452048
-1.2258313
-0.45968673
-0.45968673
0.45968673
0.61291564
0.7661445
0.91937345
0.91937345
0.91937345
0.91937345
0.91937345
1.0726024
1.0726024
0.7661445
1.0726024
0.61291564
0.61291564
1.0726024
0.45968673
0.61291564
0.61291564
0.15322891
-0.15322891
1.8387469
0.91937345
0.7661445
0.61291564
0.61291564
0.45968673
0.7661445
0.61291564
0.61291564
0.7661445
0.61291564
0.7661445
0.61291564
0.7661445
0.45968673
0.45968673
0.45968673
0.45968673
0.30645782
0.30645782
-0.15322891
-0.15322891
-0.30645782
-0.30645782
-0.45968673
-0.45968673
-0.45968673
-0.45968673
-0.45968673
-0.61291564
-0.30645782
-0.45968673
-0.7661445
-0.45968673
-0.30645782
-0.30645782
-0.7661445
-0.61291564
-0.7661445
-0.7661445
-0.91937345
-0.7661445
-0.91937345
-0.91937345
-0.91937345
-0.7661445
-1.0726024
-1.0726024
-1.2258313
-0.91937345
-1.0726024
-0.91937345
-1.0726024
-1.2258313
-1.2258313
-1.0726024
-0.7661445
-0.91937345
-0.91937345
-0.91937345
-0.7661445
-1.0726024
-1.2258313
-0.7661445
-1.3790601
-1.0726024
-0.61291564
0.61291564
0.61291564
-1.0726024
-1.2258313
-2.2984335
-1.0726024
-1.2258313
-0.7661445
-1.532289
-0.61291564
-1.2258313
0.61291564
-1.3790601
-1.532289
-0.30645782
-0.7661445
0.45968673
0.45968673
-0.15322891
-0.15322891
-0.15322891
-0.15322891
-0.15322891
-0.15322891
-0.15322891
-0.15322891
-0.30645782
-0.45968673
-0.45968673
-0.61291564
-0.61291564
-0.30645782
-0.61291564
-0.45968673
-0.61291564
-0.91937345
-0.91937345
-1.0726024
-0.91937345
-1.0726024
-1.3790601
-1.3790601
-1.0726024
-1.532289
-1.0726024
-1.2258313
-1.2258313
-1.2258313
-1.2258313
-1.0726024
-1.0726024
-0.91937345
-1.685518
-1.3790601
-1.3790601
-1.0726024
-1.532289
-1.2258313
-1.3790601
-1.685518
-1.532289
-1.685518
-1.685518
-1.8387469
-2.1452048
-1.8387469
-1.532289
-1.3790601
-1.532289
-1.3790601
-0.61291564
-1.3790601
-1.3790601
-0.61291564
-0.45968673
-0.30645782
-1.0726024
-0.61291564
-0.45968673
-0.45968673
-0.7661445
-0.45968673
-0.30645782
-0.30645782
-0.15322891
-0.15322891
-0.15322891
-0.15322891
-0.15322891
0.15322891
0.15322891
0.15322891
0.15322891
0.15322891
0.15322891
0.15322891
0.15322891
0.15322891
0.15322891
0.15322891
0.15322891
0.15322891
0.15322891
0.15322891
0.15322891
0.15322891
0.15322891
0.15322891
0.15322891
0.15322891
0.15322891
0.15322891
0.15322891
0.15322891
0.15322891
0.15322891
0.15322891
0.15322891
0.15322891
0.15322891
0.15322891
-0.15322891
-0.15322891
-0.15322891
-0.15322891
0.15322891
0.15322891
0.15322891
0.15322891
0.15322891
0.15322891
0.15322891
0.15322891
0.15322891
0.15322891
0.15322891
0.15322891
0.15322891
0.15322891
0.15322891
0.15322891
0.15322891
0.15322891
0.15322891
0.15322891
0.15322891
0.15322891
0.15322891
0.15322891
0.15322891
0.15322891
0.15322891
0.15322891
0.15322891
0.15322891
0.15322891
0.15322891
0.15322891
0.15322891
0.15322891
0.15322891
0.15322891
0.15322891
0.15322891
0.15322891
0.15322891
0.15322891
0.15322891
0.15322891
0.15322891
0.15322891
0.15322891
0.15322891
0.15322891
0.15322891
0.15322891
0.15322891
0.15322891
0.15322891
0.15322891
0.15322891
0.15322891
0.15322891
0.15322891
0.15322891
0.15322891
0.15322891
0.15322891
0.15322891
0.15322891
0.15322891
0.15322891
0.15322891
0.15322891
0.15322891
0.15322891
0.15322891
0.15322891
0.15322891
0.15322891
0.15322891
0.15322891
0.15322891
0.15322891
0.15322891
-0.30645782
-0.15322891
-0.7661445
-1.2258313
-2.1452048
-2.6048915
-4.596867
-3.6774938
-4.1371803
-3.5242648
-2.7581203
-1.685518
-1.532289
-1.0726024
-1.532289
-1.8387469
-1.8387469
-1.532289
-1.685518
-1.532289
-0.91937345
-0.91937345
-0.45968673
-0.45968673
-0.7661445
-0.7661445
-0.7661445
-0.91937345
-0.91937345
-0.61291564
-0.45968673
-0.45968673
-0.45968673
0.15322891
0.45968673
0.45968673
0.30645782
0.30645782
0.30645782
0.30645782
0.15322891
0.45968673
-0.30645782
-0.45968673
-0.7661445
-0.61291564
-0.61291564
-0.45968673
-0.7661445
-0.7661445
-0.7661445
-0.61291564
-0.61291564
-0.91937345
-0.61291564
-0.91937345
-0.45968673
-0.7661445
-0.61291564
-0.91937345
-1.3790601
-1.2258313
-1.2258313
-1.0726024
-1.2258313
-0.7661445
-1.0726024
-1.2258313
-1.3790601
-1.3790601
-1.3790601
-1.2258313
-1.0726024
-1.0726024
-1.0726024
-0.7661445
-0.7661445
-0.30645782
-0.15322891
0.61291564
-0.15322891
0.30645782
-0.15322891
0.61291564
0.15322891
0.61291564
0.61291564
-0.15322891
-0.15322891
0.30645782
1.0726024
0.15322891
0.61291564
0.45968673
0.30645782
0.15322891
0.15322891
0.15322891
-0.15322891
0.15322891
0.15322891
-0.45968673
-0.15322891
-0.30645782
-0.45968673
-0.30645782
-0.30645782
-0.45968673
-0.15322891
-0.15322891
-0.91937345
-0.45968673
-0.45968673
-0.45968673
-0.30645782
-0.91937345
-0.91937345
-0.91937345
-0.61291564
-0.61291564
-0.61291564
-0.7661445
-0.61291564
-0.7661445
-0.61291564
-0.7661445
-0.7661445
-0.61291564
-0.7661445
-0.61291564
-0.61291564
-0.7661445
-0.91937345
-0.61291564
-0.7661445
-0.7661445
-0.7661445
-0.45968673
-0.61291564
-0.61291564
-0.61291564
-0.61291564
-0.45968673
-0.61291564
-0.30645782
-0.30645782
-0.30645782
-0.45968673
-0.30645782
-0.30645782
-0.30645782
-0.30645782
-0.30645782
-0.30645782
-0.30645782
-0.30645782
-0.15322891
-0.30645782
-0.30645782
-0.15322891
-0.30645782
-0.30645782
-0.30645782
-0.15322891
-0.30645782
-0.15322891
-0.30645782
-0.30645782
-0.15322891
-0.15322891
-0.15322891
-0.15322891
-0.15322891
-0.15322891
-0.15322891
-0.15322891
-0.15322891
-0.15322891
-0.15322891
-0.15322891
-0.15322891
-0.15322891
-0.15322891
-0.15322891
-0.15322891
-0.15322891
-0.15322891
-0.15322891
-0.15322891
-0.15322891
-0.15322891
-0.15322891
-0.15322891
-0.15322891
-0.15322891
-0.15322891
-0.15322891
-0.15322891
-0.15322891
-0.15322891
-0.15322891
-0.15322891
0.15322891
-0.15322891
0.15322891
0.15322891
-0.15322891
0.15322891
-0.15322891
-0.15322891
-0.30645782
0.30645782
-0.15322891
-0.15322891
-0.15322891
-0.30645782
-0.45968673
-0.45968673
-0.15322891
-0.45968673
-0.61291564
-0.45968673
-0.7661445
-0.7661445
-0.7661445
-0.61291564
-0.7661445
-0.7661445
-0.61291564
-0.61291564
-0.61291564
-0.7661445
-0.7661445
-0.61291564
-0.7661445
-0.7661445
-0.91937345
-0.7661445
-0.61291564
-0.7661445
-0.7661445
-0.30645782
-0.45968673
-0.7661445
-0.61291564
-0.61291564
-0.61291564
-0.7661445
-0.61291564
-0.7661445
-0.7661445
-0.61291564
-0.61291564
-0.7661445
-0.7661445
-0.7661445
-0.7661445
-0.7661445
-0.61291564
-1.0726024
