9.528923
9.634268
9.701305
9.691729
9.682152
9.720459
9.730036
9.615114
9.576807
9.615114
9.662998
9.557653
9.682152
9.643845
9.643845
9.5385
9.586384
9.701305
9.500193
9.14585
9.739613
9.653421
9.174581
9.241618
9.519346
9.346964
9.500193
9.481039
9.5385
10.084377
11.951855
10.304645
9.040505
9.940725
9.662998
8.389283
8.341399
8.916007
8.896853
8.887277
8.829816
9.097966
9.605537
11.300632
12.631808
6.981492
9.844957
9.519346
8.724471
8.858546
9.32781
9.184157
9.414001
10.0748005
11.3964
12.459426
10.658986
9.442732
9.059659
8.446744
8.101978
8.025364
7.843405
8.523358
10.94629
12.765883
13.330915
6.7229185
9.11712
10.304645
8.561666
8.42759
8.7053175
9.854534
9.768343
10.323798
11.434708
12.727576
10.505757
10.247183
9.308656
7.6135616
7.2592196
7.9008656
8.312668
9.452309
10.524911
12.26789
14.374787
6.6175733
9.11712
9.854534
8.42759
8.360553
8.839393
9.701305
10.333375
11.013328
12.545617
11.971008
8.714894
10.0748005
9.212888
7.7572136
7.9391727
7.785944
8.820239
10.477027
11.463438
11.808203
12.928689
6.339846
10.28549
8.695741
8.169016
8.944737
9.337387
9.5385
10.132261
11.434708
13.129802
10.1226845
8.973468
10.170568
7.8625584
7.776367
8.37013
8.8777
9.11712
9.634268
11.271901
13.962984
9.3661175
8.772355
9.80665
9.011775
9.452309
9.481039
9.758766
9.653421
9.940725
9.758766
9.56723
