276.839
273.52112
267.8412
251.72424
248.39539
246.79688
244.30298
240.93018
256.6681
247.58789
257.49756
256.15723
260.00793
240.04578
224.20349
206.80664
182.78503
176.20972
177.09412
179.36829
183.01025
192.9419
193.23303
190.25574
188.36609
209.89929
213.37097
220.0122
225.25269
227.23022
224.86816
248.50525
206.37817
203.74695
289.62708
294.29626
302.6349
286.43555
269.95056
254.7345
248.41736
224.1925
234.20654
213.93677
122.51404
140.57556
153.42957
160.307
161.86707
161.42212
158.18665
166.39343
168.54126
166.35498
169.3158
173.34229
176.81946
177.76978
169.45313
173.19946
165.31677
167.90955
176.41846
180.37903
187.75635
191.45325
197.40234
202.69775
203.50525
205.21362
206.87805
205.88379
202.45605
201.50024
196.68823
188.48694
188.94287
188.1958
188.04749
186.89941
188.9978
190.31616
187.81677
186.85547
189.86572
190.55237
179.2804
193.67798
182.99377
178.28613
172.67761
160.62012
172.29858
192.72217
260.33752
132.89612
153.36914
142.56958
133.56628
134.96155
151.35315
172.86987
184.68567
154.95117
134.13757
128.43567
178.99475
194.83704
209.04785
212.71729
210.02014
195.92468
169.94202
166.60767
180.69214
175.92407
166.88782
166.37146
332.78137
329.68872
319.30664
163.08655
166.51978
180.90088
189.8822
200.31372
198.12195
199.67102
264.9463
249.98291
252.55371
240.3424
247.61536
259.54102
269.2859
260.49683
243.91296
69.18091
246.56067
237.38708
94.4989
100.43701
102.96387
99.20654
79.22241
62.715454
61.72119
72.822876
93.07068
315.93933
291.8463
289.23157
288.45703
290.92896
300.75623
302.135
304.00818
312.0337
323.7506
328.44727
331.94092
333.479
330.41382
335.13245
336.2036
330.78186
328.72742
327.8485
326.45874
325.99182
324.03625
320.69092
321.16333
319.94385
320.26245
320.97107
321.1084
320.89966
319.94385
319.60876
319.71863
320.57007
320.65796
320.89417
320.89417
320.00977
320.11414
320.7129
321.30066
321.1908
320.57556
320.88318
321.0974
321.72913
322.1631
322.48718
322.7179
328.30444
329.32068
330.28748
330.63354
330.36987
330.56213
330.2765
331.40808
331.17737
325.66772
325.6952
325.34912
325.6073
327.16736
327.5244
327.95837
327.865
327.2113
327.2882
328.07373
328.29895
328.9746
329.09546
328.45276
328.61206
329.74365
329.9469
329.97437
329.43054
329.08997
329.7821
331.0016
331.3202
332.5122
332.07275
331.93542
331.7102
332.1222
333.03406
334.49524
333.75366
331.6223
331.21582
328.3484
328.1726
328.11768
327.71667
327.1289
325.96436
326.91467
328.94165
329.1339
329.68323
330.95764
330.9137
332.1936
331.8036
331.57837
330.63354
329.52942
329.15588
329.02405
328.87573
328.94714
329.82605
329.52942
329.65576
329.72168
329.4745
329.5349
329.91394
330.44128
331.19934
332.56165
333.51746
335.30273
337.0056
338.7799
340.21362
341.0431
341.54297
338.4723
337.52747
336.4618
335.67078
334.91272
331.3861
329.6338
330.1831
328.29346
327.0575
324.53613
323.2013
323.73413
323.02002
323.85498
323.98132
323.9319
324.86572
325.55237
326.4148
327.2113
326.3324
328.54065
329.28772
330.45776
330.3534
330.0183
329.3756
331.4795
332.40234
331.875
330.55115
329.74915
329.12842
328.20007
329.66125
331.28174
331.08948
331.13892
332.5122
333.68225
333.35815
333.19885
332.66052
328.85925
327.83203
326.651
325.94788
325.10193
325.57434
327.15088
328.28247
329.97437
330.87524
332.79236
333.9679
333.67126
333.089
332.85278
332.00684
331.82556
330.9192
330.9906
330.56763
329.37012
328.54065
329.90295
329.72168
329.26025
328.4143
328.52966
329.35364
329.36462
329.10095
328.64502
328.86475
329.19434
336.67603
344.4928
347.49207
346.19568
345.0531
345.02563
346.53625
347.33826
348.5797
350.06287
346.59668
340.51575
337.489
338.64258
341.17493
345.10254
347.66235
352.74353
356.24268
4.053955
8.624268
14.507446
24.944458
28.465576
31.223145
31.744995
34.595947
34.45862
35.34851
36.254883
37.644653
38.649902
38.847656
39.545288
40.913086
40.352783
41.011963
42.121582
42.253418
42.522583
43.478394
44.785767
46.521606
47.208252
47.93335
49.570313
50.05371
52.06421
53.739624
53.355103
53.569336
53.063965
53.624268
53.76709
53.580322
53.827515
53.937378
54.16809
55.909424
57.56836
59.419556
60.386353
61.89148
62.891235
66.31897
67.92847
68.57117
68.6261
68.76343
68.45581
69.37866
69.55444
69.55994
68.87329
67.78015
66.3739
65.67078
64.54468
61.221313
59.024048
55.881958
53.184814
48.894653
40.550537
36.14502
31.486816
27.421875
24.378662
20.308228
18.034058
14.002075
11.678467
10.777588
10.541382
9.986572
9.20105
9.4921875
10.003052
9.239502
9.876709
9.882202
9.84375
10.008545
9.876709
9.700928
10.096436
10.074463
10.101929
10.266724
10.140381
9.975586
10.305176
10.294189
9.931641
10.272217
10.266724
10.288696
10.2282715
10.036011
10.200806
10.030518
10.217285
10.250244
10.244751
10.2282715
10.497437
10.69519
10.821533
10.958862
10.794067
10.964355
10.651245
10.986328
10.755615
10.59082
10.244751
9.755859
9.920654
10.085449
10.233765
9.909668
9.882202
10.206299
10.574341
10.8984375
11.271973
11.074219
11.046753
10.986328
10.980835
10.986328
11.002808
10.673218
10.316162
9.794312
9.629517
9.975586
9.613037
9.613037
9.909668
9.871216
10.200806
10.546875
10.739136
10.870972
11.04126
11.6015625
11.491699
11.189575
11.733398
11.359863
11.535645
12.030029
12.227783
12.024536
11.859741
11.843262
12.167358
12.332153
11.99707
11.870728
11.870728
11.348877
11.552124
11.222534
11.733398
11.574097
11.546631
11.716919
11.881714
12.376099
12.573853
9.656982
9.656982
9.173584
9.332886
9.030762
8.85498
8.360596
8.031006
7.8222656
7.23999
9.9646
9.9646
9.569092
9.536133
9.711914
10.041504
9.871216
10.332642
10.415039
10.689697
11.107178
9.898682
13.216553
16.11145
14.880981
14.974365
13.304443
16.97937
23.631592
22.37915
21.340942
18.446045
17.819824
14.221802
12.617798
12.689209
0.0
0.0
356.23718
352.2821
351.969
348.56873
349.25537
348.8379
347.92603
347.7008
346.333
345.50354
345.09705
344.71252
344.86084
342.10876
340.7245
337.4231
336.96716
336.68152
336.43433
335.47852
333.6493
333.4131
333.0011
334.16565
335.91248
335.69275
335.3302
335.3302
335.91797
336.90674
336.2915
336.89575
336.24207
334.89075
335.5829
336.4508
336.1322
334.98413
333.86902
334.62158
335.23132
335.63232
335.67627
335.0775
332.72095
333.35815
334.96765
334.0393
332.8418
332.00134
332.96814
332.97363
332.64404
331.82007
330.93567
330.06775
330.44128
330.07324
329.49646
329.19434
327.56836
326.63452
326.62903
327.33765
326.7279
326.21704
326.15662
325.8545
325.88745
327.22778
327.40356
326.29944
325.09094
324.77234
324.76685
323.24524
323.37158
321.86646
320.57007
320.224
321.56982
322.43225
321.9104
321.6742
319.71863
315.12085
311.42944
306.9635
303.12378
298.8501
294.104
285.3534
280.47546
278.7561
279.04175
279.21753
279.60205
280.86
282.19482
282.83203
283.69995
284.40308
285.92468
286.66077
287.49023
288.06152
288.51746
288.09448
287.70996
287.85828
288.13293
288.42957
288.52295
288.57788
288.46252
288.70422
289.27002
289.22607
289.281
289.38538
288.91296
288.85254
289.1217
289.0338
289.0393
288.53394
287.07825
285.2655
284.83704
283.88123
282.84302
281.9806
281.04675
280.88745
280.50293
280.15686
279.7998
279.87122
279.52515
279.68994
279.9591
279.9646
280.08545
279.5691
279.42627
279.38232
279.4867
279.01428
278.78357
278.5913
277.83325
277.6355
277.24548
277.4817
277.58606
277.37183
277.0807
277.13562
277.19055
277.53662
277.5586
277.84424
278.1134
278.26172
278.21777
278.2013
278.5254
278.64624
278.6078
278.66272
278.9923
278.39905
278.2727
278.70117
278.73962
278.844
278.82202
278.80005
278.7506
278.57483
278.74512
278.70667
278.6682
278.34412
277.64648
277.36084
276.86096
276.53687
275.67993
275.18555
275.07568
274.92737
274.8285
274.62524
274.9823
274.9109
275.16907
274.92188
275.213
275.1361
274.47144
273.9496
273.5431
273.32886
272.82898
273.75183
274.53735
275.04272
275.8667
277.02576
278.1244
279.01428
279.4098
280.1129
280.62378
280.73914
280.55786
280.64026
280.86548
280.73914
280.39856
280.54138
280.49744
280.047
279.9536
280.45898
280.58533
280.65125
280.99182
281.15112
281.3269
281.1676
280.39307
279.92615
279.34937
279.0747
278.97034
278.14087
277.85522
278.16833
278.95935
279.27246
279.0912
279.78882
279.6405
279.84375
280.06897
