-10.573572
-10.327099
-10.181687
-10.093915
-10.094643
-10.2153015
-10.649722
-10.872184
-11.202511
-11.058841
-11.026512
-11.066152
-11.120913
-11.252866
-11.163411
-11.305383
-11.540252
-11.747217
-11.940609
-12.076524
-11.34819
-11.077041
-11.586383
-11.63468
-11.092329
-10.798198
-10.647929
-10.777677
-11.045557
-11.260294
-9.437659
-9.945686
-12.085347
-12.948225
-13.831626
-15.696503
-16.561375
-16.438887
-16.44539
-16.150347
-16.045275
-15.818027
-16.906822
-15.997233
-11.557934
-16.425463
-13.410494
-13.100134
-12.597408
-11.632153
-11.175632
-11.291071
-11.337241
-10.742759
-10.0569725
-8.000819
-9.395942
-11.707372
-12.023896
-12.9059515
-13.697768
-14.311724
-15.147439
-15.45747
-15.247713
-16.420307
-13.337736
-17.003155
-13.390955
-12.11795
-11.720549
-11.041076
-8.935807
-7.2844334
-7.144531
-6.7798467
-6.6912856
-5.4288363
-7.3449993
-7.5725217
-8.712869
-10.674193
-11.109689
-10.869547
-10.897552
-10.976671
-10.898802
-10.787449
-5.255383
-10.300537
-8.591693
-7.3415422
-7.226394
-6.5754914
-5.418571
-4.3441725
-4.013088
-4.0195994
-4.378193
-3.8644652
-7.4930444
-7.421619
-7.317794
-9.04101
-9.491023
-9.950488
-10.610291
-10.310584
-11.219615
-11.174585
-7.3007627
-12.686062
-8.953297
-9.613268
-8.955381
-7.280981
-6.2958436
-6.331366
-6.7109675
-6.9270806
-5.592178
-6.4483743
-8.711959
-7.8871083
-9.932843
-11.212266
-11.236892
-11.428295
-12.448549
-13.5517845
-15.1616745
-8.98515
-12.1974745
-10.504162
-9.261913
-9.291887
-8.915214
-8.683224
-7.992177
-7.391734
-6.7549114
-6.134773
-5.725505
