5.3778076
-6.2841797
-59.249268
-37.55127
-0.005493164
13.557129
0.89538574
3.581543
-17.276001
-49.96582
-27.960205
-27.960205
-26.949463
-34.222412
-12.628784
-3.5760498
-18.204346
-18.215332
-28.97644
-27.960205
-33.15674
-37.55127
-25.93872
-19.14917
-7.1740723
4.482422
7.1795654
1.7907715
-11.727905
16.33667
-5.383301
8.0859375
-14.485474
-15.408325
13.557129
15.402832
9.898682
-8.091431
-7.1850586
-8.091431
-0.9008789
0.89538574
1.7907715
-2.6916504
0.89538574
3.581543
3.581543
7.1795654
4.482422
7.1795654
4.482422
4.482422
4.482422
2.6861572
1.7907715
3.581543
4.482422
3.581543
3.581543
2.6861572
2.6861572
2.6861572
1.7907715
2.6861572
2.6861572
2.6861572
1.7907715
2.6861572
1.7907715
2.6861572
2.6861572
2.6861572
2.6861572
1.7907715
1.7907715
2.6861572
3.581543
2.6861572
2.6861572
3.581543
3.581543
1.7907715
3.581543
3.581543
2.6861572
19.154663
-89.99451
55.90393
-41.017456
-49.96582
-38.688354
-89.99451
67.20337
1.7907715
2.6861572
18.209839
-17.276001
-89.99451
-89.99451
-61.051025
-47.25769
12.634277
31.04187
-47.25769
-89.99451
-32.096558
-23.966675
21.060791
34.227905
29.998169
-12.6397705
-89.99451
-89.99451
-26.949463
-89.99451
-89.99451
-89.99451
-25.949707
-22.016602
-8.080444
-62.946167
-89.99451
-79.86511
-89.99451
-37.55127
-59.249268
-89.99451
-67.20886
6.2786865
31.04187
61.045532
-89.99451
-89.99451
-89.99451
-89.99451
-89.99451
-41.017456
59.243774
3.581543
-54.343872
-89.99451
-89.99451
-89.99451
-45.95581
-47.25769
-39.84192
-45.95581
-20.110474
-34.2334
-21.066284
-32.096558
-37.55127
-51.383057
-51.383057
-67.20886
-6.2841797
-23.977661
-43.43994
-35.326538
-31.047363
-36.430664
-52.838745
-49.96582
-61.051025
-54.343872
-54.343872
-57.546387
-61.051025
-59.249268
-64.99512
-61.051025
-59.249268
-62.957153
-59.249268
-62.957153
-62.957153
-62.957153
-61.051025
-61.051025
-62.957153
-61.051025
-62.957153
-62.957153
-61.051025
-62.957153
-62.957153
-61.051025
-62.957153
-61.051025
-59.249268
-61.051025
-62.957153
-61.051025
-57.546387
-61.051025
-57.546387
-62.957153
-89.99451
-57.546387
-52.838745
-54.343872
-52.838745
-57.546387
-55.909424
-57.546387
-55.909424
-55.909424
-55.909424
-54.343872
-54.343872
-55.909424
-55.909424
-55.909424
-54.343872
-54.343872
-54.343872
-55.909424
-57.546387
-55.909424
-52.838745
-54.343872
-51.383057
-51.383057
-48.598022
-49.96582
-51.383057
-51.383057
-52.838745
-52.838745
-49.96582
-55.909424
-55.909424
-52.838745
-54.343872
-59.249268
-55.909424
-59.249268
-55.909424
-43.43994
-62.957153
-55.909424
-57.546387
-64.99512
-62.957153
-64.99512
-64.99512
-69.642334
-61.051025
-59.249268
-61.051025
-57.546387
-57.546387
-59.249268
-57.546387
-59.249268
-59.249268
-59.249268
-59.249268
-59.249268
-59.249268
-55.909424
-57.546387
-52.838745
-52.838745
-47.25769
-47.25769
-42.214966
-39.84192
-36.430664
-33.15674
-28.97644
-25.949707
-24.960938
-14.485474
-13.562622
-13.562622
-14.485474
-19.160156
-24.960938
-39.84192
-39.84192
-41.017456
-45.95581
-45.95581
-45.95581
-45.95581
-45.95581
-44.681396
-43.43994
-49.96582
-51.383057
-45.95581
-48.598022
-44.681396
-45.95581
-48.598022
-51.383057
-48.598022
-47.25769
-51.383057
-52.838745
-52.838745
-54.343872
-54.343872
-52.838745
-52.838745
-54.343872
-49.96582
-54.343872
-52.838745
-52.838745
-54.343872
-54.343872
-54.343872
-57.546387
-54.343872
-55.909424
-55.909424
-55.909424
-57.546387
-55.909424
-57.546387
-55.909424
-55.909424
-55.909424
-55.909424
-57.546387
-54.343872
-51.383057
-51.383057
-54.343872
-52.838745
-52.838745
-52.838745
-51.383057
-51.383057
-52.838745
-52.838745
-52.838745
-51.383057
-51.383057
-51.383057
-51.383057
-51.383057
-52.838745
-52.838745
-49.96582
-52.838745
-49.96582
-52.838745
-48.598022
-51.383057
-51.383057
-52.838745
-59.249268
-79.86511
-89.99451
-69.642334
-47.25769
-35.326538
-33.15674
-37.55127
-36.430664
-39.84192
-45.95581
-48.598022
-38.688354
-26.949463
-24.960938
-31.047363
-38.688354
-38.688354
-43.43994
-37.55127
-47.25769
-42.214966
-45.95581
-37.55127
-39.84192
-41.017456
-38.688354
-39.84192
-35.326538
-36.430664
-34.2334
-34.2334
-33.15674
-33.15674
-34.2334
-33.15674
-32.096558
-34.2334
-33.15674
-33.15674
-33.15674
-34.2334
-33.15674
-33.15674
-31.047363
-31.047363
-28.97644
-27.960205
-28.97644
-31.047363
-28.97644
-30.003662
-30.003662
-30.003662
-30.003662
-28.97644
-31.047363
-28.97644
-32.096558
-34.2334
-33.15674
-32.096558
-26.949463
-28.97644
-24.960938
-27.960205
-24.960938
-22.999878
-21.066284
-21.066284
-17.276001
-22.027588
-19.160156
-16.342163
-14.485474
-10.810547
-9.904175
-15.408325
-11.727905
-6.2841797
-8.99231
-7.1850586
-8.99231
-1.7962646
3.581543
5.3778076
4.482422
4.482422
8.0859375
5.3778076
-2.6916504
3.581543
0.89538574
0.89538574
-0.005493164
-0.005493164
0.89538574
0.89538574
0.89538574
0.89538574
0.89538574
0.89538574
0.89538574
-0.005493164
0.89538574
0.89538574
0.89538574
0.89538574
0.89538574
-0.005493164
-0.005493164
0.89538574
0.89538574
0.89538574
0.89538574
0.89538574
0.89538574
0.89538574
0.89538574
-0.005493164
-0.005493164
-0.005493164
-0.005493164
0.89538574
0.89538574
0.89538574
-0.005493164
-0.005493164
0.89538574
-0.005493164
0.89538574
-0.005493164
0.89538574
0.89538574
0.89538574
0.89538574
0.89538574
0.89538574
-0.005493164
0.89538574
-0.005493164
0.89538574
0.89538574
0.89538574
0.89538574
0.89538574
0.89538574
0.89538574
0.89538574
-0.005493164
0.89538574
0.89538574
0.89538574
0.89538574
0.89538574
1.7907715
-0.005493164
0.89538574
0.89538574
-0.005493164
0.89538574
0.89538574
0.89538574
0.89538574
0.89538574
0.89538574
-0.005493164
-0.005493164
0.89538574
0.89538574
0.89538574
0.89538574
-0.005493164
-0.005493164
-0.005493164
0.89538574
0.89538574
0.89538574
0.89538574
0.89538574
0.89538574
0.89538574
-0.005493164
0.89538574
-0.005493164
0.89538574
-0.005493164
-0.005493164
0.89538574
-0.005493164
-0.005493164
-0.005493164
-0.005493164
0.89538574
0.89538574
0.89538574
0.89538574
0.89538574
0.89538574
0.89538574
-0.005493164
0.89538574
0.89538574
0.89538574
0.89538574
0.89538574
0.89538574
-0.005493164
0.89538574
0.89538574
-0.005493164
0.89538574
-1.7962646
-0.9008789
4.482422
-18.215332
-22.999878
-19.160156
-32.096558
-28.97644
-38.688354
-35.326538
-35.326538
-26.949463
-30.003662
-27.960205
-25.949707
-31.047363
-32.096558
-32.096558
-36.430664
-36.430664
-38.688354
-42.214966
-37.55127
-35.326538
-35.326538
-38.688354
-36.430664
-36.430664
-33.15674
-36.430664
-36.430664
-36.430664
-35.326538
-35.326538
-36.430664
-37.55127
-35.326538
-35.326538
-35.326538
-32.096558
-32.096558
-28.97644
-30.003662
-31.047363
-28.97644
-30.003662
-30.003662
-31.047363
-31.047363
-30.003662
-31.047363
-31.047363
-30.003662
-30.003662
-31.047363
-31.047363
-32.096558
-31.047363
-33.15674
-32.096558
-35.326538
-31.047363
-30.003662
-34.2334
-33.15674
-31.047363
-32.096558
-31.047363
-32.096558
-33.15674
-34.2334
-31.047363
-32.096558
-35.326538
-35.326538
-36.430664
-35.326538
-36.430664
-35.326538
-33.15674
-34.2334
-31.047363
-36.430664
-36.430664
-35.326538
-38.688354
-32.096558
-34.2334
-25.949707
-24.960938
-25.949707
-26.949463
-26.949463
-26.949463
-26.949463
-28.97644
-32.096558
-33.15674
-34.2334
-35.326538
-36.430664
-35.326538
-37.55127
-36.430664
-37.55127
-37.55127
-37.55127
-38.688354
-37.55127
-37.55127
-36.430664
-37.55127
-38.688354
-36.430664
-36.430664
-37.55127
-36.430664
-39.84192
-39.84192
-36.430664
-35.326538
-36.430664
-36.430664
-35.326538
-36.430664
-36.430664
-36.430664
-35.326538
-36.430664
-35.326538
-36.430664
-35.326538
-36.430664
-35.326538
-35.326538
-36.430664
-35.326538
-35.326538
-35.326538
-35.326538
-35.326538
-35.326538
-35.326538
-35.326538
-35.326538
-34.2334
-36.430664
-35.326538
-36.430664
-36.430664
-36.430664
-35.326538
-35.326538
-35.326538
-35.326538
-35.326538
-35.326538
-35.326538
-35.326538
-36.430664
-35.326538
-35.326538
-35.326538
-35.326538
-35.326538
-35.326538
-35.326538
-35.326538
-35.326538
-35.326538
-36.430664
-35.326538
-35.326538
-35.326538
-35.326538
-35.326538
-35.326538
-35.326538
-35.326538
-35.326538
-35.326538
-35.326538
-35.326538
-35.326538
-35.326538
-35.326538
-35.326538
-35.326538
-35.326538
-35.326538
-35.326538
-35.326538
-35.326538
-35.326538
-35.326538
-35.326538
-35.326538
-34.2334
-35.326538
-35.326538
-35.326538
-35.326538
-36.430664
-34.2334
-35.326538
-35.326538
-35.326538
-36.430664
-37.55127
-36.430664
-35.326538
-37.55127
-36.430664
-39.84192
-37.55127
-39.84192
-39.84192
-38.688354
-39.84192
-38.688354
-39.84192
-39.84192
-38.688354
-38.688354
-43.43994
-43.43994
-42.214966
-44.681396
-43.43994
-43.43994
-44.681396
-43.43994
-43.43994
-42.214966
-43.43994
-44.681396
-43.43994
-44.681396
-44.681396
-43.43994
-43.43994
-45.95581
-44.681396
-43.43994
-44.681396
-44.681396
-45.95581
-44.681396
-45.95581
-44.681396
-43.43994
-52.838745
-43.43994
-48.598022
-45.95581
-45.95581
-47.25769
-45.95581
-47.25769
-47.25769
-48.598022
-47.25769
-47.25769
-47.25769
-45.95581
-51.383057
