9.7574315007
9.82140632446
9.83732950056
9.0116225428
8.17872207863
10.24515115
12.6726343719
9.77514259834
11.0258490759
10.5318147968
8.73657834669
9.78253809207
9.84470549924
10.2348108555
10.4457906368
10.3683426474
9.03129424569
10.0181002796
8.59519937892
8.8477157414
12.7006873249
9.81719845438
10.4389478895
10.1791364719
8.81435220154
10.5387143194
9.84775660493
9.83281130324
9.82353056293
9.85306815992
9.87541972534
9.83062418434
9.83309070138
9.85056910356
9.80447091732
9.81813719795
9.58653177897
9.98716300454
10.0694505781
9.73166681283
9.86514307984
9.87956087694
10.0752738671
10.8004178122
11.0658701986
11.5874022256
11.9076687208
9.50985058731
7.91547262091
8.2447242196
8.24529683501
7.39605455241
7.4091874468
9.09602568016
10.5830643884
13.4462220307
13.01084512
8.40502720253
10.0942315438
9.66725915057
9.67641492679
9.75310687485
9.60408160125
9.57515015694
9.51887858775
10.4248937181
12.5295022127
13.947914915
12.663268484
13.2663732732
10.5096887403
7.68521905183
6.40840799067
5.74600409567
7.84020599881
13.0284040662
11.5493983897
15.2056078166
6.34776851566
13.3870775858
8.89223986833
10.2059962075
9.06552346313
9.53220014797
9.05739634711
9.6974565745
11.2495032924
12.7983410862
13.3984485369
12.0883473315
12.3376436111
10.0970614069
7.77443282287
7.2282561324
6.4647416965
8.13021229802
10.9388312092
13.2991918342
14.5035069448
9.07583235107
10.4534956943
9.40975168325
9.66939827638
9.5335465442
9.36308526868
9.59134302202
9.85528301761
10.821050214
11.7778805718
12.5155752466
13.1530044525
11.3795404289
9.81393354386
8.03087632202
7.48144773532
7.01591148646
9.1607648365
12.9483637142
8.35811649362
15.2596015728
5.91118659574
12.5835047892
9.34632528115
9.85520857668
9.25289549533
9.79356691265
9.49683685925
9.63248746049
10.9939947208
12.2162260759
13.2114337578
12.2291504242
11.947322687
11.0489792899
8.68278911212
8.75238987652
7.40569545529
8.69867747256
10.0349490416
13.6039781284
8.55886972162
12.23009568
5.79453760681
10.8387156772
9.33735218211
9.82083213053
9.38686354795
9.11359366148
10.2865818842
11.3373667052
12.2220654418
13.360074183
11.7297942799
12.3946856832
11.1484723648
8.84828534612
8.22558516219
6.91373797978
9.56054111625
10.1630229178
11.5881180506
11.1110108191
11.3320381285
7.09111282532
10.682781465
8.94418849457
9.50384596486
9.577419896
9.45172603658
9.40083037899
10.4644880781
11.4910901385
12.8633632706
12.6462962061
12.5073310702
11.9378882131
9.4334318382
8.70276758483
8.17595727048
7.40551629985
9.96776289265
11.3485481289
8.08868335853
16.5917452948
6.98586533587
13.1640512583
9.26984457779
9.61055889945
9.52158158086
9.60028010413
9.35791792264
9.95849345051
10.756408281
12.998083514
13.1996093508
11.2027766797
11.9582257488
10.2814191833
8.52604836968
8.27086859523
7.22608626804
9.38918399728
11.1949109378
9.66994320862
10.8214403436
14.8447367702
6.83648501782
11.3225036145
8.55903578286
10.0690551992
9.43530346015
9.27502248579
9.67427728271
10.6499690877
11.0506929189
13.093257004
12.5917603614
13.3966111778
11.7823725487
8.79496127281
7.68293321124
7.33346460355
6.64473730518
9.51047321213
12.1307486185
9.56606523924
15.4771543436
5.70038044348
14.1312458965
8.72094351145
10.039540389
8.59821277584
9.82392245774
9.52950050907
9.49697727436
10.4735905465
11.3296257115
13.4195015164
11.9791496559
12.2495927376
10.6704971295
9.04201200983
8.30950643033
8.22100634941
6.99687830644
8.94454247321
9.72435502361
9.78948280429
15.1047044767
9.09147742838
9.55190312391
9.68968951881
9.51073866258
9.26075698856
10.0309629787
9.45646502464
9.52634281386
9.75782639183
10.1257823996
10.2617476603
12.0913169105
11.9238968013
11.2582279562
9.79305244664
9.58635972634
9.28577442479
9.425499465
9.25106145424
8.91541001334
8.91429971532
9.53811505662
9.89801344071
9.92538391499
10.0490049636
10.1457301808
9.84628062113
10.1094794979
9.8111434233
9.80096686951
9.91854839388
9.94251956746
9.97315317652
9.95507130683
9.69963650543
9.77940212383
9.66857261228
9.87844255298
9.70299298717
9.8934766475
9.91592672551
11.3025236612
10.5370384111
10.1899470165
11.1473038863
9.72941842432
10.9661464229
9.37804601032
9.68781991596
10.4204543729
8.99021461694
10.2838807757
9.72102542874
9.90238631864
10.2341707593
10.3789305996
9.3473071604
9.47665571953
9.5801105568
11.0110826531
9.66946945598
9.20345120327
8.36029983142
9.73840721025
9.82483311099
9.98438907783
9.87652032138
9.61188493099
9.74298781962
9.7005488825
9.80394213808
9.63227308511
9.78491479616
9.72625513279
9.90494217307
9.79725608536
9.77910624832
9.76547875301
